# pair O_O
# same-molecule pairs excluded by topology molecule ID
# sampled_frames 101
# columns: r g_r cumulative_coordination
0.009999999776 0 0
0.02999999933 0 0
0.04999999702 0 0
0.0700000003 0 0
0.08999999613 0 0
0.1099999994 0 0
0.1299999952 0 0
0.150000006 0 0
0.1699999869 0 0
0.1899999976 0 0
0.2099999934 0 0
0.2299999893 0 0
0.25 0 0
0.2699999809 0 0
0.2899999917 0 0
0.3100000024 0 0
0.3299999833 0 0
0.349999994 0 0
0.3700000048 0 0
0.3899999857 0 0
0.4099999666 0 0
0.4300000072 0 0
0.4499999881 0 0
0.469999969 0 0
0.4900000095 0 0
0.5099999905 0 0
0.5299999714 0 0
0.5499999523 0 0
0.5699999928 0 0
0.5899999738 0 0
0.6100000143 0 0
0.6299999952 0 0
0.6499999762 0 0
0.6699999571 0 0
0.6899999976 0 0
0.7099999785 0 0
0.7300000191 0 0
0.75 0 0
0.7699999809 0 0
0.7899999619 0 0
0.8099999428 0 0
0.8299999833 0 0
0.8499999642 0 0
0.8700000048 0 0
0.8899999857 0 0
0.9099999666 0 0
0.9299999475 0 0
0.9499999881 0 0
0.969999969 0 0
0.9900000095 0 0
1.00999999 0 0
1.029999971 0 0
1.049999952 0 0
1.069999933 0 0
1.089999914 0 0
1.110000014 0 0
1.129999995 0 0
1.149999976 0 0
1.169999957 0 0
1.189999938 0 0
1.210000038 0 0
1.230000019 0 0
1.25 0 0
1.269999981 0 0
1.289999962 0 0
1.309999943 0 0
1.329999924 0 0
1.349999905 0 0
1.370000005 0 0
1.389999986 0 0
1.409999967 0 0
1.429999948 0 0
1.449999928 0 0
1.470000029 0 0
1.49000001 0 0
1.50999999 0 0
1.529999971 0 0
1.549999952 0 0
1.569999933 0 0
1.589999914 0 0
1.609999895 0 0
1.629999995 0 0
1.649999976 0 0
1.669999957 0 0
1.689999938 0 0
1.709999919 0 0
1.730000019 0 0
1.75 0 0
1.769999981 0 0
1.789999962 0 0
1.809999943 0 0
1.829999924 0 0
1.849999905 0 0
1.870000005 0 0
1.889999986 0 0
1.909999967 0 0
1.929999948 0 0
1.949999928 0 0
1.969999909 0 0
1.99000001 0 0
2.00999999 0 0
2.029999971 0 0
2.049999952 0 0
2.069999933 0 0
2.089999914 0 0
2.109999895 0 0
2.129999876 0 0
2.149999857 0 0
2.170000076 0 0
2.190000057 0 0
2.210000038 0 0
2.230000019 0 0
2.25 0 0
2.269999981 0 0
2.289999962 0 0
2.309999943 0 0
2.329999924 0 0
2.349999905 0 0
2.369999886 0 0
2.389999866 6.796454545e-05 3.255967476e-06
2.409999847 0.0001671028731 1.139588617e-05
2.429999828 0.001150526688 6.8375317e-05
2.450000048 0.003912918735 0.0002653613493
2.470000029 0.01492193621 0.001028885722
2.49000001 0.03952575848 0.003084215192
2.50999999 0.09646784514 0.008181432276
2.529999971 0.1989352405 0.0188610056
2.549999952 0.3729482293 0.03920022043
2.569999933 0.6223950386 0.07367766003
2.589999914 0.9556194544 0.127441009
2.609999895 1.34668088 0.2043803344
2.629999876 1.768571615 0.3069774976
2.649999857 2.183506727 0.435580073
2.669999838 2.560721397 0.5886846176
2.690000057 2.879095793 0.7634152982
2.710000038 3.095873117 0.9541034755
2.730000019 3.218519688 1.15528238
2.75 3.264696836 1.362349701
2.769999981 3.218759775 1.569482956
2.789999962 3.092357874 1.771366778
2.809999943 2.946773052 1.966513188
2.829999924 2.755540133 2.15160273
2.849999905 2.555364132 2.325681403
2.869999886 2.331011534 2.4867126
2.889999866 2.136288881 2.636356051
2.909999847 1.936940432 2.773919863
2.929999828 1.76085031 2.900702353
2.949999809 1.597086191 3.017270872
2.970000029 1.454935074 3.124906645
2.99000001 1.331164718 3.224717514
3.00999999 1.211228251 3.316753947
3.029999971 1.121939063 3.403142904
3.049999952 1.048027635 3.484909201
3.069999933 0.9791574478 3.562307618
3.089999914 0.9313242435 3.636887181
3.109999895 0.8850108981 3.708678008
3.129999876 0.8460291028 3.778192914
3.149999857 0.8126353621 3.845819358
3.169999838 0.7940496206 3.9127417
3.189999819 0.779258728 3.979248091
3.210000038 0.763810575 4.045257134
3.230000019 0.7537057996 4.111205941
3.25 0.748038888 4.177472205
3.269999981 0.7401285768 4.243847544
3.289999962 0.7435382009 4.311346192
3.309999943 0.7425714135 4.379579874
3.329999924 0.7438825965 4.448761857
3.349999905 0.7465869784 4.519032147
3.369999886 0.7517495751 4.590635756
3.389999866 0.7538909316 4.663298368
3.409999847 0.7616711855 4.737579196
3.429999828 0.7693495154 4.813492078
3.449999809 0.7768014073 4.891037013
3.470000029 0.7815588713 4.969963293
3.49000001 0.7902982831 5.050695007
3.50999999 0.7983731627 5.133189013
3.529999971 0.8014582992 5.216947962
3.549999952 0.810228467 5.302585604
3.569999933 0.8199573159 5.390231365
3.589999914 0.8295206428 5.479895011
3.609999895 0.8338450193 5.571033611
3.629999876 0.8437092304 5.664274752
3.649999857 0.8519511223 5.759467031
3.669999838 0.8604159355 5.85666173
3.689999819 0.8690778017 5.955907688
3.710000038 0.8770139813 6.057149555
3.730000019 0.8860912323 6.16054443
3.75 0.8974084854 6.266385351
3.769999981 0.9095573425 6.374806626
3.789999962 0.9106325507 6.484510752
3.809999943 0.9178580642 6.596255556
3.829999924 0.9307875633 6.710767118
3.849999905 0.9375180006 6.827314474
3.869999886 0.9459180832 6.946131239
3.889999866 0.9569375515 7.067577198
3.909999847 0.9672476649 7.191597813
3.929999828 0.9770200849 7.318155641
3.949999809 0.9784803391 7.446196562
3.96999979 0.9889059663 7.57691633
3.99000001 1.001203537 7.710597401
4.010000229 1.007594466 7.846483575
4.029999733 1.019642472 7.985370124
4.050000191 1.032396436 8.127392169
4.069999695 1.036564589 8.271400355
4.090000153 1.041654348 8.417542013
4.109999657 1.056212902 8.567178138
4.130000114 1.063653469 8.719338453
4.149999619 1.069207668 8.873777944
4.170000076 1.074204922 9.030438819
4.18999958 1.081105947 9.189622255
4.210000038 1.096229792 9.352576915
4.229999542 1.096824884 9.517173397
4.25 1.105306506 9.684613966
4.269999504 1.115370035 9.855172939
4.289999962 1.116040707 10.02743885
4.309999466 1.126603007 10.20295829
4.329999924 1.12730515 10.38022211
4.349999905 1.135411739 10.56041712
4.369999886 1.140184045 10.74303294
4.390000343 1.137225628 10.92684614
4.409999847 1.142999172 11.11327959
4.430000305 1.150471807 11.30263851
4.449999809 1.148510575 11.49338448
4.470000267 1.146761298 11.68555575
4.489999771 1.14688921 11.87947304
4.510000229 1.149775386 12.07561333
4.529999733 1.148327708 12.27324812
4.550000191 1.151112914 12.47311649
4.569999695 1.147013426 12.67402597
4.590000153 1.145640731 12.87645679
4.609999657 1.140802741 13.07979196
4.630000114 1.143611312 13.28539979
4.649999619 1.135661721 13.49134788
4.670000076 1.129581809 13.69795936
4.68999958 1.127971411 13.9060458
4.710000038 1.125522852 14.11545579
4.729999542 1.120714903 14.32574489
4.75 1.118322492 14.53736569
4.769999504 1.11297822 14.74975082
4.789999962 1.103390098 14.9620749
4.809999466 1.100221634 15.17556217
4.829999924 1.094880581 15.38978204
4.849999428 1.089285254 15.60467752
4.869999886 1.081171393 15.81973987
4.890000343 1.076876283 16.03570494
4.909999847 1.068327188 16.25171233
4.930000305 1.058688879 16.46751867
4.949999809 1.055482507 16.68442064
4.970000267 1.050174713 16.90197788
4.989999771 1.043309331 17.11985745
5.010000229 1.034443855 17.33761981
5.029999733 1.030679345 17.55632641
5.050000191 1.021845222 17.77488566
5.069999695 1.013917565 17.99346853
5.090000153 1.008296847 18.21256014
5.109999657 0.9977203012 18.43106242
5.130000114 0.9964999557 18.65100628
5.149999619 0.9901385903 18.87125457
5.170000076 0.981212914 19.09121471
5.18999958 0.9773992896 19.31201896
5.210000038 0.9664832354 19.5320434
5.229999542 0.9623525143 19.75281265
5.25 0.9551696777 19.97361283
5.269999504 0.9481775165 20.19446917
5.289999962 0.9421476126 20.41559087
5.309999466 0.9374390841 20.63727505
5.329999924 0.9298154116 20.85881433
5.349999428 0.9281708598 21.0816267
5.369999886 0.9193021655 21.30396695
5.390000343 0.9142574668 21.52673292
5.409999847 0.9127271175 21.75077685
5.430000305 0.9077420831 21.97525058
5.449999809 0.9007027745 22.19962418
5.470000267 0.8968761563 22.42468968
5.489999771 0.8904978037 22.6497918
5.510000229 0.8891476393 22.87619306
5.529999733 0.8846717477 23.10309248
5.550000191 0.8831686378 23.33124707
5.569999695 0.8779134154 23.55968249
5.590000153 0.8796379566 23.79021395
5.609999657 0.8762354851 24.02149834
5.630000114 0.8754741549 24.25423245
5.649999619 0.8787180185 24.4894932
5.670000076 0.8764690757 24.72581376
5.68999958 0.8755482435 24.96355555
5.710000038 0.8790671229 25.20393467
5.729999542 0.8796058297 25.44614772
5.75 0.8819241524 25.69069774
5.769999504 0.8834525943 25.93737879
5.789999962 0.8861791492 26.18653926
5.809999466 0.8872035742 26.43771355
5.829999924 0.8948378563 26.69279743
5.849999428 0.89998281 26.95111206
5.869999886 0.9028627872 27.21202494
5.889999866 0.9054248929 27.47547422
5.909999847 0.9127964377 27.74286729
5.930000305 0.911718905 28.01175323
5.949999809 0.9177427888 28.28424596
5.970000267 0.927808404 28.56158357
5.989999771 0.9262295961 28.84030823
6.010000229 0.9310387969 29.12235071
6.029999733 0.938192904 29.40845746
6.050000191 0.9447413683 29.69847543
6.069999695 0.9477162361 29.99133506
6.090000153 0.9562903643 30.28879211
6.109999657 0.9590837359 30.58908185
6.130000114 0.9645513296 30.89306467
6.149999619 0.9717545509 31.20131769
6.170000076 0.9747276902 31.51252632
6.18999958 0.9804201722 31.8275892
6.210000038 0.9815963507 32.14506719
6.229999542 0.9862273932 32.46610233
6.25 0.9894731045 32.79026645
6.269999504 0.9935604334 33.1178591
6.289999962 0.9999351501 33.4496544
6.309999466 1.002842903 33.78453635
6.329999924 1.006942153 34.12292417
6.349999428 1.010371566 34.46461516
6.369999886 1.013702989 34.80959061
6.38999939 1.017768025 35.15812891
6.409999847 1.019876122 35.50958618
6.430000305 1.024895549 35.86497666
6.449999809 1.028848052 36.22395847
6.470000267 1.031577945 36.5861238
6.489999771 1.034864902 36.95169894
6.510000229 1.036438584 37.3200848
6.529999733 1.036122441 37.69063018
6.550000191 1.042533755 38.06575426
6.569999695 1.042489409 38.44315264
6.590000153 1.048119187 38.82490506
6.609999657 1.046088338 39.20823825
6.630000114 1.048550963 39.59479973
6.649999619 1.050322175 39.98434856
6.670000076 1.05101645 40.37650868
6.68999958 1.048816085 40.77019666
6.710000038 1.049808621 41.16661722
6.729999542 1.055374861 41.56752124
6.75 1.051325798 41.9692596
6.769999504 1.054563522 42.37462836
6.789999962 1.051744342 42.78130928
6.809999466 1.054252028 43.19135687
6.829999924 1.053997397 43.60372434
6.849999428 1.053474784 44.01830505
6.869999886 1.055733323 44.43620196
6.88999939 1.055018425 44.85624619
6.909999847 1.05171597 45.27742512
6.930000305 1.053936362 45.70193002
6.949999809 1.054134965 46.12896562
6.970000267 1.049606323 46.55662473
6.989999771 1.049414039 46.9866542
7.010000229 1.046458721 47.41793232
7.029999733 1.047461033 47.85209442
7.050000191 1.047724366 48.2888328
7.069999695 1.044824839 48.72684509
7.090000153 1.042827725 49.16649349
7.109999657 1.04083395 49.60777883
7.130000114 1.039699912 50.05107148
7.149999619 1.037141323 50.49575524
7.170000076 1.032978415 50.94113496
7.18999958 1.032805324 51.38892491
7.210000038 1.032452703 51.83905916
7.229999542 1.030008793 52.29062359
7.25 1.027207017 52.74345296
7.269999504 1.023141742 53.19698237
7.289999962 1.020768881 53.65195498
7.309999466 1.021803737 54.10988646
7.329999924 1.018634677 54.56890055
7.349999428 1.015818477 55.02915027
7.369999886 1.012991786 55.49061691
7.38999939 1.011398911 55.95386457
7.409999847 1.011056781 56.41946141
7.429999828 1.006828308 56.88563211
7.449999809 1.006786108 57.35428711
7.470000267 1.005029798 57.82463685
7.489999771 1.002571464 58.29635083
7.510000229 0.9999437928 58.76934523
7.529999733 1.00001359 59.244898
7.550000191 0.9971319437 59.7215985
7.569999695 0.9963440299 60.2004512
7.590000153 0.996160388 60.68174831
7.609999657 0.9920949936 61.16361196
7.630000114 0.993159771 61.64853052
7.649999619 0.99021101 62.13454797
7.670000076 0.9903001785 62.62315229
7.68999958 0.988779366 63.1135539
7.710000038 0.9894126654 63.60682728
7.729999542 0.9872680306 64.10158781
7.75 0.9859706163 64.5982596
7.769999504 0.985660553 65.09734
7.789999962 0.984929502 65.59861735
7.809999466 0.9847636223 66.1023896
7.829999924 0.9843171835 66.60851997
7.849999428 0.9842016101 67.11717291
7.869999886 0.9839952588 67.62831747
7.88999939 0.9865287542 68.14338304
7.909999847 0.9849156737 68.66022392
7.929999828 0.9824466705 69.17838428
7.949999809 0.9827515483 69.69931303
7.970000267 0.9814130664 70.22215303
7.989999771 0.9842500687 70.74914114
8.010000229 0.984049201 71.27864529
8.029999733 0.9820019603 71.80972045
8.049999237 0.982667625 72.3437797
8.069999695 0.9836588502 72.88106317
8.090000153 0.9854034185 73.42194774
8.109999657 0.9847275615 73.96514975
8.129999161 0.9840240479 74.51063338
8.149999619 0.9868994951 75.06042221
8.170000076 0.9867357016 75.61280523
8.18999958 0.9871569276 76.16815281
8.210000038 0.9868450761 76.72603598
8.229999542 0.9879568219 77.28725325
8.25 0.9904739261 77.85265526
8.270000458 0.988129437 78.41944187
8.289999962 0.991807282 78.9911051
8.309999466 0.9904335141 79.56472273
8.329999924 0.99099195 80.14145388
8.350000381 0.9918992519 80.72145483
8.369999886 0.9922981858 81.30450825
8.38999939 0.9936465621 81.89110905
8.409999847 0.991304934 82.47915224
8.430000305 0.9949038029 83.07211439
8.449999809 0.9960221052 83.66858972
8.469999313 0.9972842336 84.26862871
8.489999771 0.9983949065 84.87219799
8.510000229 0.9971865416 85.47785271
8.529999733 0.9969756603 86.08626279
8.549999237 0.9993431568 86.69893982
8.569999695 0.9994155765 87.31457733
8.590000153 1.000963569 87.93401212
8.609999657 1.000514984 88.55608017
8.629999161 1.002091289 89.18200085
8.649999619 0.9983406663 89.80850027
8.670000076 1.001527548 90.43988772
8.68999958 1.000492334 91.07355027
8.710000038 1.001706004 91.71092137
8.729999542 1.002376318 92.35160949
8.75 1.00353086 92.9960151
8.770000458 1.001198649 93.6418273
8.789999962 1.00129056 94.29068871
8.809999466 1.002582073 94.94331239
8.829999924 1.002717972 95.59901865
8.850000381 1.001388431 96.25680304
8.869999886 1.002418518 96.91826586
8.88999939 1.004181147 97.58384747
8.909999847 1.004975319 98.25299925
8.930000305 1.00578773 98.92566097
8.949999809 1.003969193 99.6001558
8.969999313 1.004083753 100.2777088
8.989999771 1.004187584 100.9583989
9.010000229 1.002194285 101.6407219
9.029999733 1.003554702 102.3270448
9.049999237 1.004846573 103.0172603
9.069999695 1.003641963 103.7097395
9.090000153 1.002444506 104.4044115
9.109999657 1.000936627 105.1011299
9.129999161 1.000785589 105.8007657
9.149999619 1.001380563 106.5039188
9.170000076 1.002953291 107.2112223
9.18999958 0.9984326363 107.9184641
9.210000038 1.001482725 108.6309422
9.229999542 1.00052762 109.3458053
9.25 0.9987369776 110.0625162
9.270000458 0.9981920719 110.7819019
9.289999962 0.9987858534 111.5048683
9.309999466 1.000344515 112.2320438
9.329999924 0.9985964298 112.9611095
9.350000381 0.9975091815 113.6924706
9.369999886 0.9973220229 114.4268598
9.38999939 0.9982962608 115.1650666
9.409999847 0.9969040155 115.9054247
9.430000305 0.9966205955 116.6486929
9.449999809 0.9987814426 117.3967596
9.469999313 0.9973032475 118.1468588
9.489999771 0.9944833517 118.8980357
9.510000229 0.9965903163 119.6539501
9.529999733 0.9954987764 120.4122299
9.549999237 0.9957453012 121.1738748
9.569999695 0.9961035252 121.939006
9.590000153 0.9966499209 122.7077285
9.609999657 0.9964497685 123.4795442
9.629999161 0.9943524003 124.2529081
9.649999619 0.9946268201 125.0297355
9.670000076 0.9971519709 125.8117253
9.68999958 0.9961569309 126.5962238
9.709999084 0.9951548576 127.3831171
9.729999542 0.9948713779 128.173071
9.75 0.9950581193 128.966433
9.770000458 0.9958783984 129.7636607
9.789999962 0.9962239265 130.5644798
9.809999466 0.9961838722 131.3685132
9.829999924 0.9953430295 132.1751629
9.850000381 0.9959777594 132.9855984
9.869999886 0.9963411689 133.7996449
9.88999939 0.9953365326 134.6161397
9.909999847 0.99647367 135.4369171
9.930000305 0.9954730272 136.2601315
9.949999809 0.9948561788 137.0862054
9.969999313 0.996447444 137.9168906
9.989999771 0.9963217378 138.7508456
