# pair O_H
# same-molecule pairs excluded by topology molecule ID
# sampled_frames 101
# columns: r g_r cumulative_coordination
0.009999999776 0 0
0.02999999933 0 0
0.04999999702 0 0
0.0700000003 0 0
0.08999999613 0 0
0.1099999994 0 0
0.1299999952 0 0
0.150000006 0 0
0.1699999869 0 0
0.1899999976 0 0
0.2099999934 0 0
0.2299999893 0 0
0.25 0 0
0.2699999809 0 0
0.2899999917 0 0
0.3100000024 0 0
0.3299999833 0 0
0.349999994 0 0
0.3700000048 0 0
0.3899999857 0 0
0.4099999666 0 0
0.4300000072 0 0
0.4499999881 0 0
0.469999969 0 0
0.4900000095 0 0
0.5099999905 0 0
0.5299999714 0 0
0.5499999523 0 0
0.5699999928 0 0
0.5899999738 0 0
0.6100000143 0 0
0.6299999952 0 0
0.6499999762 0 0
0.6699999571 0 0
0.6899999976 0 0
0.7099999785 0 0
0.7300000191 0 0
0.75 0 0
0.7699999809 0 0
0.7899999619 0 0
0.8099999428 0 0
0.8299999833 0 0
0.8499999642 0 0
0.8700000048 0 0
0.8899999857 0 0
0.9099999666 0 0
0.9299999475 0 0
0.9499999881 0 0
0.969999969 0 0
0.9900000095 0 0
1.00999999 0 0
1.029999971 0 0
1.049999952 0 0
1.069999933 0 0
1.089999914 0 0
1.110000014 0 0
1.129999995 0 0
1.149999976 0 0
1.169999957 0 0
1.189999938 0 0
1.210000038 0 0
1.230000019 0 0
1.25 0 0
1.269999981 0 0
1.289999962 0 0
1.309999943 0 0
1.329999924 0 0
1.349999905 0 0
1.370000005 0 0
1.389999986 1.255805273e-05 4.069959345e-07
1.409999967 7.322610327e-05 2.848971542e-06
1.429999948 0.0003559602774 1.505884958e-05
1.449999928 0.001188650494 5.697943083e-05
1.470000029 0.004233079962 0.0002104168981
1.49000001 0.01184704527 0.0006516004912
1.50999999 0.03109420091 0.001840842612
1.529999971 0.06835731864 0.0045249808
1.549999952 0.1323715597 0.009859476514
1.569999933 0.2316300422 0.01943649785
1.589999914 0.3662124872 0.03496624172
1.609999895 0.5404487848 0.05846496599
1.629999995 0.740324378 0.09145890542
1.649999976 0.9459162951 0.1346562329
1.669999957 1.157534361 0.188806635
1.689999938 1.334438324 0.2527371494
1.709999919 1.494563699 0.3260436292
1.730000019 1.601241469 0.4064306172
1.75 1.667272091 0.4920788416
1.769999981 1.687898397 0.5807795356
1.789999962 1.678027272 0.6709657647
1.809999943 1.63452661 0.7607881395
1.829999924 1.558104157 0.8483134292
1.849999905 1.467861414 0.9325819374
1.870000005 1.362393975 1.012495589
1.889999986 1.259559989 1.087966066
1.909999967 1.152623177 1.158498462
1.929999948 1.04142189 1.223567751
1.949999928 0.9502791166 1.284179213
1.969999909 0.8512871861 1.339596187
1.99000001 0.7662054896 1.390492656
2.00999999 0.6839894652 1.436845423
2.029999971 0.6125479341 1.479186838
2.049999952 0.5521877408 1.51811193
2.069999933 0.4923634529 1.553500226
2.089999914 0.4468953311 1.58624427
2.109999895 0.3998560011 1.616105155
2.129999876 0.3639106452 1.643799193
2.149999857 0.3305363059 1.669428134
2.170000076 0.3014666438 1.693240245
2.190000057 0.2775596082 1.71556967
2.210000038 0.2529002726 1.736288612
2.230000019 0.2329130471 1.75571697
2.25 0.2190751135 1.774320347
2.269999981 0.2053054422 1.792065777
2.289999962 0.1907744706 1.808847033
2.309999943 0.1815292835 1.825095125
2.329999924 0.1731332541 1.840861334
2.349999905 0.168745473 1.856492826
2.369999886 0.1664360911 1.872173973
2.389999866 0.1618278325 1.887679297
2.409999847 0.1609618366 1.90336085
2.429999828 0.1617229581 1.919379396
2.450000048 0.16306521 1.935797612
2.470000029 0.1663366258 1.95281981
2.49000001 0.1728488803 1.970796007
2.50999999 0.1796216667 1.98977789
2.529999971 0.1887648404 2.010045067
2.549999952 0.2016236931 2.032036685
2.569999933 0.2127708942 2.055609483
2.589999914 0.2289506495 2.081371104
2.609999895 0.2457324713 2.109449754
2.629999876 0.2666355968 2.140385515
2.649999857 0.2869454324 2.17418612
2.669999838 0.3143704534 2.2117783
2.690000057 0.3375133574 2.252745289
2.710000038 0.3680415452 2.298083822
2.730000019 0.3994841874 2.348024666
2.75 0.4325689673 2.402897078
2.769999981 0.4696696997 2.463345336
2.789999962 0.510687232 2.530025515
2.809999943 0.5525998473 2.603216
2.829999924 0.5973123908 2.683458912
2.849999905 0.6437490582 2.771166943
2.869999886 0.690293014 2.866540742
2.889999866 0.7460958362 2.971066252
2.909999847 0.7994167805 3.084617304
2.929999828 0.860298872 3.208501575
2.949999809 0.9192451835 3.342689763
2.970000029 0.9817362428 3.487947019
2.99000001 1.045586586 3.644743424
3.00999999 1.117066503 3.814506312
3.029999971 1.17880249 3.996041151
3.049999952 1.245919824 4.190452527
3.069999933 1.306261539 4.396961857
3.089999914 1.36629355 4.615784849
3.109999895 1.416984797 4.845672433
3.129999876 1.46561408 5.08652001
3.149999857 1.506392956 5.337240087
3.169999838 1.538596153 5.596585223
3.189999819 1.565241575 5.863758518
3.210000038 1.585559607 6.137808823
3.230000019 1.59403944 6.416763837
3.25 1.598287702 6.69993777
3.269999981 1.593984008 6.985837355
3.289999962 1.584604025 7.273539119
3.309999943 1.575045466 7.562995848
3.329999924 1.555553198 7.852332514
3.349999905 1.537749171 8.14180471
3.369999886 1.510525942 8.429557754
3.389999866 1.489071131 8.716601405
3.409999847 1.462303519 9.001819272
3.429999828 1.434342742 9.284876804
3.449999809 1.407894969 9.565965698
3.470000029 1.381084204 9.844905245
3.49000001 1.355690718 10.12188226
3.50999999 1.325573444 10.39581901
3.529999971 1.300162554 10.66757427
3.549999952 1.272484303 10.93656643
3.569999933 1.249023438 11.20358425
3.589999914 1.224130869 11.46821911
3.609999895 1.1961447 11.72969446
3.629999876 1.175378203 11.98948445
3.649999857 1.150880694 12.24667047
3.669999838 1.130266428 12.50202582
3.689999819 1.110698223 12.75570232
3.710000038 1.092955112 13.00804224
3.730000019 1.075959206 13.25914204
3.75 1.059488177 13.50905546
3.769999981 1.044585586 13.75808935
3.789999962 1.033832431 14.00718144
3.809999943 1.025058508 14.25677333
3.829999924 1.017730355 14.50718897
3.849999905 1.007651806 14.75772102
3.869999886 0.9993514419 15.00877809
3.889999866 0.9960573316 15.26159949
3.909999847 0.9911096692 15.5157599
3.929999828 0.9883673191 15.77181529
3.949999809 0.9866789579 16.03004281
3.96999979 0.9818181992 16.28960854
3.99000001 0.9815167189 16.55171351
4.010000229 0.9778020382 16.81545014
4.029999733 0.9763496518 17.0814293
4.050000191 0.9765092134 17.35009709
4.069999695 0.9758996367 17.62125732
4.090000153 0.9762626886 17.89519203
4.109999657 0.9754255414 18.17157361
4.130000114 0.9737343192 18.45016762
4.149999619 0.973931551 18.73152269
4.170000076 0.9730440378 19.01533805
4.18999958 0.9719899893 19.30157218
4.210000038 0.9717820287 19.59048313
4.229999542 0.9735068083 19.88266429
4.25 0.9736483097 20.17765617
4.269999504 0.9706124663 20.47450232
4.289999962 0.9684955478 20.7734856
4.309999466 0.969633162 21.07561415
4.329999924 0.9681348801 21.38008414
4.349999905 0.9653669596 21.68650039
4.369999886 0.9667672515 21.99618197
4.390000343 0.963045001 22.30750171
4.409999847 0.9647767544 22.62222922
4.430000305 0.9619295001 22.93888183
4.449999809 0.9621166587 23.25846073
4.470000267 0.9610625505 23.58056546
4.489999771 0.9606274366 23.90541333
4.510000229 0.9577329159 24.23217287
4.529999733 0.9581654668 24.56198609
4.550000191 0.9575062394 24.89449078
4.569999695 0.9579643607 25.23008253
4.590000153 0.9581725597 25.5686942
4.609999657 0.9589011669 25.91052072
4.630000114 0.958771348 26.25527233
4.649999619 0.9583708644 26.60286639
4.670000076 0.9605827928 26.95426627
4.68999958 0.9622297883 27.30928761
4.710000038 0.9629876018 27.66762636
4.729999542 0.9648897648 28.02972698
4.75 0.9655989408 28.39516863
4.769999504 0.9659281969 28.763817
4.789999962 0.968362391 29.1364987
4.809999466 0.9698841572 29.5128918
4.829999924 0.9736965895 29.89391081
4.849999428 0.9770010114 30.27939864
4.869999886 0.9766480327 30.66794056
4.890000343 0.9788622856 31.06055774
4.909999847 0.9833136797 31.4581944
4.930000305 0.9852144122 31.85985258
4.949999809 0.9884966612 32.26612528
4.970000267 0.9930869341 32.67758677
4.989999771 0.9941213131 33.09280159
5.010000229 0.9963729382 33.51229759
5.029999733 0.9994915724 33.93647485
5.050000191 1.001162171 34.36474569
5.069999695 1.005925179 34.79846538
5.090000153 1.006937861 35.23605805
5.109999657 1.009093761 35.67804424
5.130000114 1.012161732 36.1248456
5.149999619 1.014791608 36.57630991
5.170000076 1.016417384 37.03201389
5.18999958 1.016979218 37.49150538
5.210000038 1.020562649 37.95617712
5.229999542 1.020732999 38.42450124
5.25 1.022939444 38.89743336
5.269999504 1.025461078 39.37514891
5.289999962 1.024477243 39.85603781
5.309999466 1.024590611 40.34062507
5.329999924 1.026366591 40.82971249
5.349999428 1.026481748 41.32253736
5.369999886 1.026570797 41.81910537
5.390000343 1.027547002 42.31984508
5.409999847 1.02758193 42.82431898
5.430000305 1.026095867 43.3318014
5.449999809 1.024689674 43.84232123
5.470000267 1.024960279 44.35673601
5.489999771 1.025268316 44.87507545
5.510000229 1.024516821 45.39681534
5.529999733 1.022357345 45.921241
5.550000191 1.02002871 46.44826207
5.569999695 1.019402504 46.97876458
5.590000153 1.015700936 47.51114497
5.609999657 1.017177939 48.04811791
5.630000114 1.014101028 48.58729066
5.649999619 1.01091969 49.12860135
5.670000076 1.009113908 49.67277201
5.68999958 1.006461382 50.21935046
5.710000038 1.005032778 50.76899888
5.729999542 1.00231564 51.32100502
5.75 0.9995397925 51.87533267
5.769999504 0.9962560534 52.4316896
5.789999962 0.9941689372 52.99073596
5.809999466 0.9912175536 53.55197888
5.829999924 0.9894703627 54.11609885
5.849999428 0.9866423011 54.68247439
5.869999886 0.9835489392 55.25093416
5.889999866 0.9806589484 55.82161409
5.909999847 0.9779183269 56.39455366
5.930000305 0.9762012959 56.97036011
5.949999809 0.9729762077 57.54814497
5.970000267 0.9720839858 58.12928958
5.989999771 0.9707283974 58.71352045
6.010000229 0.9683401585 59.30020509
6.029999733 0.9666301012 59.88976271
6.050000191 0.963534534 60.481337
6.069999695 0.9618576169 61.07579607
6.090000153 0.9608470201 61.6735449
6.109999657 0.9618213177 62.27583865
6.130000114 0.9592416286 62.88045756
6.149999619 0.9575365186 63.48794336
6.170000076 0.9564020038 64.09865866
6.18999958 0.957395792 64.71398646
6.210000038 0.9571839571 65.333151
6.229999542 0.9580411911 65.95687105
6.25 0.956092298 66.58332733
6.269999504 0.9592834115 67.21590931
6.289999962 0.9577412009 67.85149858
6.309999466 0.9593994021 68.49224815
6.329999924 0.9602046013 69.13761102
6.349999428 0.9595211148 69.78659941
6.369999886 0.9616726637 70.4411372
6.38999939 0.9620466232 71.10004978
6.409999847 0.9650616646 71.76518532
6.430000305 0.96627599 72.43531268
6.449999809 0.967477262 73.11044974
6.470000267 0.9679785371 73.79012359
6.489999771 0.9691774845 74.47486454
6.510000229 0.9707357883 75.16493022
6.529999733 0.972625196 75.8606043
6.550000191 0.9755934477 76.56267961
6.569999695 0.9761533141 77.26944677
6.590000153 0.9767457843 77.98095951
6.609999657 0.9812123179 78.700079
6.630000114 0.9828542471 79.42476212
6.649999619 0.9836293459 80.15438902
6.670000076 0.9863584042 80.89045827
6.68999958 0.9868360162 81.63130401
6.710000038 0.9895797372 82.37865884
6.729999542 0.9919643998 83.13229159
6.75 0.9936472774 83.89168739
6.769999504 0.9949167371 84.6565691
6.789999962 0.9960566163 85.42686507
6.809999466 0.9992790818 86.20419719
6.829999924 0.9992523193 86.98609498
6.849999428 1.000973582 87.77393411
6.869999886 1.002312422 88.56743617
6.88999939 1.006428003 89.36883315
6.909999847 1.00778687 90.17600661
6.930000305 1.008767962 90.98863057
6.949999809 1.008465171 91.80569973
6.970000267 1.011129379 92.62966341
6.989999771 1.011472583 93.45862703
7.010000229 1.013959885 94.29439563
7.029999733 1.014489532 95.1353872
7.050000191 1.016207099 95.98258831
7.069999695 1.01860249 96.83662695
7.090000153 1.018470764 97.69538633
7.109999657 1.019646168 98.559991
7.130000114 1.021164536 99.4307706
7.149999619 1.0222435 100.3073629
7.170000076 1.022992373 101.1895111
7.18999958 1.024024606 102.077477
7.210000038 1.0245049 102.9708151
7.229999542 1.024455428 103.8690747
7.25 1.02533567 104.7730835
7.269999504 1.026797414 105.6833832
7.289999962 1.027871728 106.5996601
7.309999466 1.027400732 107.5205397
7.329999924 1.026669502 108.4458091
7.349999428 1.028353095 109.377667
7.369999886 1.028140187 110.3144019
7.38999939 1.028139353 111.2562324
7.409999847 1.027753711 112.202804
7.429999828 1.028833747 113.1555229
7.449999809 1.028134942 114.1127086
7.470000267 1.027415633 115.074361
7.489999771 1.02821064 116.0419157
7.510000229 1.026809573 117.0133206
7.529999733 1.027092218 117.9901804
7.550000191 1.026560307 118.9717191
7.569999695 1.026091576 119.9580184
7.590000153 1.024734616 120.948224
7.609999657 1.02454257 121.9434711
7.630000114 1.024634361 122.9440438
7.649999619 1.025431037 123.9506521
7.670000076 1.022884846 124.9600147
7.68999958 1.022556186 125.9743222
7.710000038 1.021373391 126.9927372
7.729999542 1.020227075 128.0152925
7.75 1.02035737 129.0432799
7.769999504 1.01769793 130.0738844
7.789999962 1.015804052 131.1078661
7.809999466 1.015862346 132.1472287
7.829999924 1.015075803 133.1911212
7.849999428 1.015215874 134.2404845
7.869999886 1.013313413 135.2932328
7.88999939 1.011034966 136.3489534
7.909999847 1.010237098 137.4092104
7.929999828 1.00871408 138.473239
7.949999809 1.007956147 139.541817
7.970000267 1.007979512 140.6158032
7.989999771 1.005631804 141.6926757
8.010000229 1.005524278 142.7747949
8.029999733 1.002671719 143.8593019
8.049999237 1.003009915 144.9495317
8.069999695 1.002098203 146.0442421
8.090000153 1.000323534 147.1423904
8.109999657 0.999386251 148.2449668
8.129999161 0.9977373481 149.3511378
8.149999619 0.9977702498 150.4628272
8.170000076 0.996833086 151.5788984
8.18999958 0.9959381819 152.6994738
8.210000038 0.9944525957 153.8238416
8.229999542 0.9937819839 154.9528943
8.25 0.9933543205 156.0869868
8.270000458 0.9926832914 157.2257843
8.289999962 0.9910700321 158.3682609
8.309999466 0.9901130199 159.515125
8.329999924 0.9895265698 160.6668816
8.350000381 0.9892734289 161.8238127
8.369999886 0.9882422686 162.9851532
8.38999939 0.9887972474 164.1526292
8.409999847 0.9867690802 165.3233343
8.430000305 0.9873771071 166.5002867
8.449999809 0.9877670407 167.6833502
8.469999313 0.9862985015 168.8702086
8.489999771 0.9878743291 170.0646269
8.510000229 0.9880737662 171.2648668
8.529999733 0.9862851501 172.4686391
8.549999237 0.9872888923 173.6792127
8.569999695 0.9852057099 174.8929812
8.590000153 0.98622334 176.1136072
8.609999657 0.9857472777 177.3393797
8.629999161 0.9856952429 178.5707385
8.649999619 0.986389339 179.8087376
8.670000076 0.9869385362 181.0531179
8.68999958 0.9869955778 182.3033467
8.710000038 0.9867527485 183.5590598
8.729999542 0.987303257 184.8211676
8.75 0.9873540401 186.0892033
8.770000458 0.9871618748 187.3627193
8.789999962 0.9882135391 188.6434935
8.809999466 0.9884350896 189.9303231
8.829999924 0.9888891578 191.2236496
8.850000381 0.9892505407 192.5232722
8.869999886 0.9891659021 193.828708
8.88999939 0.9894543886 195.1403493
8.909999847 0.9897533059 196.458382
8.930000305 0.9911001921 197.7840598
8.949999809 0.991319716 199.1160529
8.969999313 0.9911757708 200.4537382
8.989999771 0.9925610423 201.7993563
9.010000229 0.9928169847 203.1512336
9.029999733 0.9918509126 204.5078711
9.049999237 0.9941837192 205.8736538
9.069999695 0.9947710037 207.2463709
9.090000153 0.9941372871 208.6242015
9.109999657 0.995089829 210.0094989
9.129999161 0.9950577617 211.400762
9.149999619 0.9958279133 212.79927
9.170000076 0.9969910979 214.2054678
9.18999958 0.9966434836 215.6174165
9.210000038 0.998067975 217.037514
9.229999542 0.9969591498 218.462141
9.25 0.9983113408 219.8949519
9.270000458 0.9984357357 221.3340745
9.289999962 0.999122858 222.7804953
9.309999466 0.9997573495 224.233993
9.329999924 0.9996910095 225.6937225
9.350000381 1.000811458 227.1612872
9.369999886 1.000373244 228.6345592
9.38999939 1.001615644 230.1158819
9.409999847 1.000644803 231.6021546
9.430000305 1.002419472 233.0973404
9.449999809 1.001896977 234.5981408
9.469999313 1.001916051 236.105278
9.489999771 1.002165318 237.619237
9.510000229 1.002718687 239.1403623
9.529999733 1.002553105 240.6676687
9.549999237 1.00338912 242.2026518
9.569999695 1.00249207 243.7427285
9.590000153 1.002841473 245.2897249
9.609999657 1.003064871 246.8436041
9.629999161 1.004022837 248.4053745
9.649999619 1.00349009 249.9728741
9.670000076 1.00463891 251.5485967
9.68999958 1.003287792 253.1288252
9.709999084 1.003589034 254.7159498
9.729999542 1.003032565 256.3088179
9.75 1.004035473 257.9098573
9.770000458 1.00411129 259.5174941
9.789999962 1.003752828 261.1312367
9.809999466 1.00349617 262.7511073
9.829999924 1.003592968 264.3777785
9.850000381 1.003826022 266.0114219
9.869999886 1.002943277 267.650303
9.88999939 1.003588676 269.2968315
9.909999847 1.003871918 270.9505736
9.930000305 1.002658129 272.6088859
9.949999809 1.003379941 274.2751891
9.969999313 1.002781391 275.9471202
9.989999771 1.002673268 277.625663
