# pair H_H
# same-molecule pairs excluded by topology molecule ID
# sampled_frames 101
# columns: r g_r cumulative_coordination
0.009999999776 0 0
0.02999999933 0 0
0.04999999702 0 0
0.0700000003 0 0
0.08999999613 0 0
0.1099999994 0 0
0.1299999952 0 0
0.150000006 0 0
0.1699999869 0 0
0.1899999976 0 0
0.2099999934 0 0
0.2299999893 0 0
0.25 0 0
0.2699999809 0 0
0.2899999917 0 0
0.3100000024 0 0
0.3299999833 0 0
0.349999994 0 0
0.3700000048 0 0
0.3899999857 0 0
0.4099999666 0 0
0.4300000072 0 0
0.4499999881 0 0
0.469999969 0 0
0.4900000095 0 0
0.5099999905 0 0
0.5299999714 0 0
0.5499999523 0 0
0.5699999928 0 0
0.5899999738 0 0
0.6100000143 0 0
0.6299999952 0 0
0.6499999762 0 0
0.6699999571 0 0
0.6899999976 0 0
0.7099999785 0 0
0.7300000191 0 0
0.75 0 0
0.7699999809 0 0
0.7899999619 0 0
0.8099999428 0 0
0.8299999833 0 0
0.8499999642 0 0
0.8700000048 0 0
0.8899999857 0 0
0.9099999666 0 0
0.9299999475 0 0
0.9499999881 0 0
0.969999969 0 0
0.9900000095 0 0
1.00999999 0 0
1.029999971 0 0
1.049999952 0 0
1.069999933 0 0
1.089999914 0 0
1.110000014 0 0
1.129999995 0 0
1.149999976 0 0
1.169999957 0 0
1.189999938 0 0
1.210000038 0 0
1.230000019 0 0
1.25 0 0
1.269999981 0 0
1.289999962 0 0
1.309999943 0 0
1.329999924 0 0
1.349999905 1.331316525e-05 4.069959345e-07
1.370000005 5.170957593e-05 2.034979673e-06
1.389999986 0.0001255805255 6.104939018e-06
1.409999967 0.0001220434933 1.017489836e-05
1.429999948 0.0002373068419 1.831481705e-05
1.449999928 0.0004154506605 3.29666707e-05
1.470000029 0.0005501881242 5.290947149e-05
1.49000001 0.001114758779 9.442305681e-05
1.50999999 0.001383383293 0.0001473325283
1.529999971 0.002363224979 0.0002401276014
1.549999952 0.003514557378 0.0003817621866
1.569999933 0.005404143129 0.0006052029546
1.589999914 0.008234669454 0.0009544054664
1.609999895 0.01120455097 0.0014415796
1.629999995 0.01525086283 0.002121262811
1.649999976 0.02187058888 0.003120030834
1.669999957 0.03086781502 0.00456405241
1.689999938 0.03918896988 0.006441524656
1.709999919 0.04987797514 0.008887977218
1.730000019 0.06604787707 0.0122037731
1.75 0.0834903717 0.01649269625
1.769999981 0.1035167947 0.02193260392
1.789999962 0.1288792193 0.02885926772
1.809999943 0.1577009857 0.03752543216
1.829999924 0.1874996573 0.04805807995
1.849999905 0.225457266 0.06100136466
1.870000005 0.2633198798 0.07644686037
1.889999986 0.3064044416 0.09480603998
1.909999967 0.3526242375 0.1163841504
1.929999948 0.4010539651 0.1414424831
1.949999928 0.4563029408 0.1705467624
1.969999909 0.509924531 0.2037417578
1.99000001 0.5677827001 0.2414576641
2.00999999 0.6253918409 0.2838393717
2.029999971 0.6871189475 0.3313353903
2.049999952 0.746856451 0.3839831634
2.069999933 0.8112756014 0.4422930639
2.089999914 0.8694164753 0.5059952536
2.109999895 0.9284448028 0.575330674
2.129999876 0.9893481731 0.6506212589
2.149999857 1.045579314 0.7316928141
2.170000076 1.094507337 0.8181452625
2.190000057 1.145793319 0.9103233298
2.210000038 1.192223549 1.007996656
2.230000019 1.235484242 1.111054132
2.25 1.269623518 1.218867762
2.269999981 1.304427147 1.331614996
2.289999962 1.337619066 1.449277114
2.309999943 1.355285525 1.570584287
2.329999924 1.372770905 1.69559431
2.349999905 1.389176726 1.824278691
2.369999886 1.389952302 1.955236145
2.389999866 1.394003749 2.088800815
2.409999847 1.387229443 2.223950327
2.429999828 1.378766418 2.360516185
2.450000048 1.358987331 2.497345776
2.470000029 1.339009166 2.634374388
2.49000001 1.311394334 2.770758726
2.50999999 1.278372169 2.905853293
2.529999971 1.248489261 3.039900253
2.549999952 1.216906548 3.172631396
2.569999933 1.174723625 3.302778521
2.589999914 1.13399601 3.430376223
2.609999895 1.087623477 3.554653653
2.629999876 1.046115875 3.676026759
2.649999857 1.002583265 3.794125583
2.669999838 0.9650269747 3.909522769
2.690000057 0.9233174324 4.021593983
2.710000038 0.8896886706 4.131193512
2.730000019 0.8532395363 4.23785982
2.75 0.8171239495 4.341513952
2.769999981 0.7903079987 4.443229562
2.789999962 0.7625786662 4.542799082
2.809999943 0.7405159473 4.64087859
2.829999924 0.7199474573 4.73759629
2.849999905 0.7075710297 4.833999789
2.869999886 0.6959016919 4.930148509
2.889999866 0.6868286729 5.026370895
2.909999847 0.675858736 5.122371468
2.929999828 0.6717203259 5.219100156
2.949999809 0.6707954407 5.317020529
2.970000029 0.6683242321 5.415905483
2.99000001 0.6692706943 5.516269459
3.00999999 0.6693528891 5.617992395
3.029999971 0.6768052578 5.722219984
3.049999952 0.6840568781 5.828959145
3.069999933 0.6927318573 5.938474425
3.089999914 0.6987803578 6.05038976
3.109999895 0.7089690566 6.165410881
3.129999876 0.7184015512 6.283467377
3.149999857 0.7311761975 6.405162418
3.169999838 0.7391233444 6.529748757
3.189999819 0.7548258305 6.658591053
3.210000038 0.7675994039 6.791263995
3.230000019 0.7801700234 6.927792816
3.25 0.795530498 7.068739578
3.269999981 0.8083342314 7.21372374
3.289999962 0.8246972561 7.363456323
3.309999943 0.8411796093 7.518045589
3.329999924 0.8559647799 7.677257108
3.349999905 0.8696776628 7.840968781
3.369999886 0.8856703639 8.009687724
3.389999866 0.9031794071 8.183790817
3.409999847 0.9191719294 8.363072526
3.429999828 0.93681252 8.547945953
3.449999809 0.9509202242 8.737798974
3.470000029 0.9690715075 8.933523726
3.49000001 0.9834823608 9.134455991
3.50999999 0.9999457002 9.341100037
3.529999971 1.014078498 9.553059042
3.549999952 1.029389501 9.770663082
3.569999933 1.044654727 9.993990705
3.589999914 1.061394095 10.22344484
3.609999895 1.072525859 10.45789729
3.629999876 1.084805846 10.69766836
3.649999857 1.098971009 10.94325418
3.669999838 1.113714576 11.19487006
3.689999819 1.123574853 11.45148751
3.710000038 1.133929968 11.71328764
3.730000019 1.144649029 11.9804178
3.75 1.153672338 12.25254749
3.769999981 1.157958508 12.52860998
3.789999962 1.166782379 12.8097351
3.809999943 1.173162341 13.09538886
3.829999924 1.175251722 13.38456313
3.849999905 1.179715633 13.67787533
3.869999886 1.17854023 13.97394819
3.889999866 1.18199718 14.27396524
3.909999847 1.178996682 14.57630746
3.929999828 1.181697011 14.88244859
3.949999809 1.175176263 15.19000849
3.96999979 1.173760414 15.50031847
3.99000001 1.165857792 15.81165001
4.010000229 1.159941077 16.12451389
4.029999733 1.153332233 16.43870702
4.050000191 1.145215392 16.75379107
4.069999695 1.135342717 17.06925361
4.090000153 1.126807213 17.38543044
4.109999657 1.120092392 17.70280261
4.130000114 1.11108315 18.0206933
4.149999619 1.102636814 18.33922948
4.170000076 1.092973948 18.65802574
4.18999958 1.086142182 18.9778757
4.210000038 1.076813698 19.2980126
4.229999542 1.070590734 19.61933182
4.25 1.065867782 19.94226396
4.269999504 1.060836315 20.26670362
4.289999962 1.057702303 20.59322588
4.309999466 1.051552057 20.92087958
4.329999924 1.046770692 21.25007987
4.349999905 1.044989228 21.58176894
4.369999886 1.043370843 21.91598871
4.390000343 1.040328145 22.25229149
4.409999847 1.039479136 22.59138829
4.430000305 1.035730004 22.93233489
4.449999809 1.034520388 23.27596359
4.470000267 1.03501904 23.62285518
4.489999771 1.036653519 23.97341218
4.510000229 1.03283596 24.32579536
4.529999733 1.034898281 24.682021
4.550000191 1.032772064 25.04066256
4.569999695 1.031914711 25.40216042
4.590000153 1.030382872 25.76629072
4.609999657 1.028477311 26.13291958
4.630000114 1.027522564 26.50239253
4.649999619 1.027642369 26.87511086
4.670000076 1.027611136 27.25103102
4.68999958 1.025750518 27.62948881
4.710000038 1.024304152 28.01064416
4.729999542 1.021438837 28.39396637
4.75 1.019568801 28.77983351
4.769999504 1.019941688 29.16909623
4.789999962 1.016175151 29.56017903
4.809999466 1.012625575 29.95315924
4.829999924 1.013495326 30.34975196
4.849999428 1.006283641 30.74679358
4.869999886 1.004357934 31.1463594
4.890000343 1.003845453 31.54899722
4.909999847 1.001086712 31.95382102
4.930000305 0.9983531237 32.36083568
4.949999809 0.9944659472 32.76956175
4.970000267 0.9903001189 33.1798686
4.989999771 0.9886644483 33.59280423
5.010000229 0.9858129621 34.00785421
5.029999733 0.9843392372 34.42560094
5.050000191 0.9800556898 34.84484297
5.069999695 0.9784120321 35.26669996
5.090000153 0.9749515653 35.69039209
5.109999657 0.973608315 36.11683551
5.130000114 0.9699217677 36.54499076
5.149999619 0.9686380625 36.97592212
5.170000076 0.9665005803 37.40924622
5.18999958 0.9637829065 37.84470256
5.210000038 0.9633430243 38.28332167
5.229999542 0.9594970345 38.72355005
5.25 0.958974421 39.16690944
5.269999504 0.9578253031 39.61311658
5.289999962 0.95801121 40.06280639
5.309999466 0.9573535919 40.51559344
5.329999924 0.9561018944 40.97119812
5.349999428 0.9563632011 41.43035832
5.369999886 0.9566786289 41.89311839
5.390000343 0.9548805952 42.35844661
5.409999847 0.9558612704 42.82771048
5.430000305 0.9573846459 43.30120996
5.449999809 0.9564783573 43.77774563
5.470000267 0.9573228955 44.25821409
5.489999771 0.9583153725 44.7427045
5.510000229 0.9604802132 45.23183343
5.529999733 0.9603253603 45.72443933
5.550000191 0.9625034928 46.22173871
5.569999695 0.9617916942 46.72226028
5.590000153 0.9650856853 47.22811064
5.609999657 0.9645957351 47.73732523
5.630000114 0.9686496258 48.2523326
5.649999619 0.9704400301 48.77196791
5.670000076 0.9706759453 49.29541067
5.68999958 0.9736142755 49.82415089
5.710000038 0.9736242294 50.35662205
5.729999542 0.9774500728 50.894934
5.75 0.9789918661 51.43786617
5.769999504 0.9799673557 51.98512674
5.789999962 0.9818018675 52.53721876
5.809999466 0.9850667715 53.09497901
5.829999924 0.9863164425 53.65730088
5.849999428 0.9866946936 54.22370654
5.869999886 0.9901470542 54.79597986
5.889999866 0.9914218783 55.37292305
5.909999847 0.9922654629 55.95426831
5.930000305 0.9939448237 56.54054066
5.949999809 0.9956297874 57.13177796
5.970000267 0.9979346395 57.72837702
5.989999771 0.9980885983 58.32907453
6.010000229 0.9981898069 58.93384403
6.029999733 0.9994675517 59.54342952
6.050000191 1.001552582 60.15834543
6.069999695 1.002786875 60.77810012
6.090000153 1.001718998 61.40127561
6.109999657 1.003070593 62.02939976
6.130000114 1.003802657 62.66210587
6.149999619 1.004300594 63.29926004
6.170000076 1.00402379 63.94038446
6.18999958 1.005207419 64.58644126
6.210000038 1.003972173 65.23587124
6.229999542 1.004297972 65.88970614
6.25 1.004181981 66.54767204
6.269999504 1.003503323 67.20941406
6.289999962 1.003256083 67.87520853
6.309999466 1.003695965 68.54554223
6.329999924 1.003608584 69.22007735
6.349999428 1.002833009 69.8983605
6.369999886 1.003234863 70.58118653
6.38999939 1.001736641 71.26728318
6.409999847 1.001958609 71.95784865
6.430000305 1.001052022 72.65209377
6.449999809 1.000928998 73.3505745
6.470000267 0.9994556904 74.05235026
6.489999771 1.000464916 74.75919638
6.510000229 0.9992966056 75.46956505
6.529999733 0.999466002 76.18443713
6.550000191 0.9985640645 76.90304299
6.569999695 0.9976730347 77.62539117
6.590000153 0.9978422523 78.35227167
6.609999657 0.9978933334 79.0836165
6.630000114 0.9961929917 79.81813468
6.649999619 0.9971972108 80.55782578
6.670000076 0.9967556596 81.30165399
6.68999958 0.9969480038 82.05009102
6.710000038 0.9961678982 82.80242138
6.729999542 0.9963641167 83.55939678
6.75 0.9968175292 84.32121544
6.769999504 0.996101439 85.087008
6.789999962 0.9952677488 85.85669388
6.809999466 0.9964584708 86.63183188
6.829999924 0.9955359101 87.4108217
6.849999428 0.9961552024 88.19486843
6.869999886 0.9957623482 88.98318496
6.88999939 0.9969482422 89.77703338
6.909999847 0.9980745912 90.57642794
6.930000305 0.9970678091 91.37962668
6.949999809 0.9973400831 92.18768211
6.970000267 0.9981527925 93.00107121
6.989999771 0.9972677827 93.81839312
7.010000229 0.9986953735 94.64157984
7.029999733 0.999119103 95.46982959
7.050000191 1.001011252 96.30436214
7.069999695 0.9999633431 97.14277295
7.090000153 0.9999176264 97.98588864
7.109999657 1.000699043 98.83442713
7.130000114 1.000267029 99.68738683
7.149999619 1.001521587 100.5462097
7.170000076 1.000897288 101.4093048
7.18999958 1.000988483 102.2772953
7.210000038 1.001335621 103.1504306
7.229999542 1.002388477 104.0293416
7.25 1.002091289 104.9128565
7.269999504 1.003185511 105.8022232
7.289999962 1.00259769 106.69597
7.309999466 1.002436161 107.5944733
7.329999924 1.003566146 108.4989213
7.349999428 1.005175233 109.4097761
7.369999886 1.003686905 110.3242317
7.38999939 1.004254699 111.2441825
7.409999847 1.005304694 112.1700783
7.429999828 1.003718734 113.0995402
7.449999809 1.004819751 114.0350196
7.470000267 1.006229401 114.9768419
7.489999771 1.00568378 115.9231986
7.510000229 1.004549265 116.8735443
7.529999733 1.006110668 117.8304487
7.550000191 1.007119298 118.7933991
7.569999695 1.006775737 119.7611316
7.590000153 1.007791996 120.7349655
7.609999657 1.007351518 121.7135131
7.630000114 1.007863402 122.6977087
7.649999619 1.006942868 123.6861683
7.670000076 1.007309914 124.6801618
7.68999958 1.008305788 125.680334
7.710000038 1.008033276 126.6854475
7.729999542 1.007618189 127.6953652
7.75 1.007592201 128.710492
7.769999504 1.008436203 129.7317172
7.789999962 1.008350968 130.7581125
7.809999466 1.008315802 131.789754
7.829999924 1.00833714 132.8267166
7.849999428 1.010390043 133.8710918
7.869999886 1.007835984 134.9181495
7.88999939 1.008027196 135.9707293
7.909999847 1.009534478 137.0302488
7.929999828 1.009223819 138.094815
7.949999809 1.009443045 139.1649693
7.970000267 1.00780344 140.2387678
7.989999771 1.008234859 141.3184279
8.010000229 1.007915497 142.4031205
8.029999733 1.007549882 143.4929038
8.049999237 1.007532716 144.5880497
8.069999695 1.00805223 145.6892643
8.090000153 1.007925153 146.7957576
8.109999657 1.008284688 147.9081512
8.129999161 1.007332206 149.0249598
8.149999619 1.007853627 150.147884
8.170000076 1.006695509 151.2749974
8.18999958 1.00783217 152.4089552
8.210000038 1.00665915 153.5471242
8.229999542 1.007129073 154.6913408
8.25 1.005921364 155.8397808
8.270000458 1.005705357 156.993517
8.289999962 1.005492568 158.1526194
8.309999466 1.005030036 159.3167621
8.329999924 1.004361868 160.4857863
8.350000381 1.005938172 161.6622064
8.369999886 1.00346458 162.8414356
8.38999939 1.004286289 164.0271995
8.409999847 1.004266024 165.218663
8.430000305 1.003133535 166.4143972
8.449999809 1.003149271 167.6158842
8.469999313 1.002089262 168.8217443
8.489999771 1.00206542 170.0333208
8.510000229 1.002156973 171.250668
8.529999733 1.000481367 172.4717669
8.549999237 1.000600219 173.6986622
8.569999695 0.9991301894 174.9295856
8.590000153 0.9995201826 176.1666689
8.609999657 0.9985470772 177.4083577
8.629999161 0.9992225766 178.6566155
8.649999619 0.9986560941 179.9100103
8.670000076 0.9990620613 181.1696766
8.68999958 0.997091949 182.4326945
8.710000038 0.9960637689 183.7002564
8.729999542 0.9967482686 184.9744382
8.75 0.9958271384 186.2533558
8.770000458 0.9964086413 187.5388008
8.789999962 0.9958245754 188.8294394
8.809999466 0.9959029555 190.1259913
8.829999924 0.9951099157 191.4274536
8.850000381 0.9937407374 192.7329753
8.869999886 0.9950022697 194.0461135
8.88999939 0.9951637983 195.3653232
8.909999847 0.9930751324 196.6877796
8.930000305 0.99336797 198.0164907
8.949999809 0.9935490489 199.3514792
8.969999313 0.9935846925 200.6924157
8.989999771 0.9934070706 202.0391807
9.010000229 0.9938303232 203.3924377
9.029999733 0.9936451912 204.7515294
9.049999237 0.9927246571 206.1153076
9.069999695 0.9921770692 207.4844452
9.090000153 0.9941020608 208.862227
9.109999657 0.9935573339 210.2453909
9.129999161 0.9923989177 211.6329365
9.149999619 0.9931927323 213.0277437
9.170000076 0.9924904108 214.4275936
9.18999958 0.9930823445 215.8344971
9.210000038 0.993255794 217.2477478
9.229999542 0.9919921756 218.6652772
9.25 0.9933176637 220.0909209
9.270000458 0.9938496351 221.523433
9.289999962 0.9935202003 222.9617428
9.309999466 0.9924114347 224.4045605
9.329999924 0.9940871596 225.8561074
9.350000381 0.9929881692 227.3122001
9.369999886 0.9941756725 228.7763447
9.38999939 0.9937908053 230.246095
9.409999847 0.9938674569 231.722301
9.430000305 0.994456768 233.2056099
9.449999809 0.9942573309 234.6949663
9.469999313 0.994828105 236.1914415
9.489999771 0.9956024885 237.695486
9.510000229 0.9949451685 239.2048191
9.529999733 0.9954984784 240.7213783
9.549999237 0.9962478876 242.2454369
9.569999695 0.9961819053 243.7758197
9.590000153 0.9968221188 245.3135305
9.609999657 0.9971607327 246.8582633
9.629999161 0.9968006015 248.4087993
9.649999619 0.9971289635 249.9663626
9.670000076 0.9983347058 251.5321972
9.68999958 0.9975607991 253.1034055
9.709999084 0.9976499677 254.6811378
9.729999542 0.9988381863 256.267345
9.75 0.9986688495 257.8598269
9.770000458 0.999065876 259.4593857
9.789999962 0.999099195 261.0656464
9.809999466 0.9990037084 262.6782652
9.829999924 1.000058174 264.2992071
9.850000381 1.000060439 265.9267224
9.869999886 0.9999527335 267.5607167
9.88999939 0.9993723631 269.2003279
9.909999847 1.000456572 270.8484437
9.930000305 1.00092423 272.5038882
9.949999809 0.9997486472 274.164161
9.969999313 1.001217723 275.8334849
9.989999771 1.001483679 277.5100363
