# lhs_label O
# rhs_label O
# radius 10.0
# dr 0.02
# sampled_frames 101
# columns: r g_r counts
0.009999999776 0 0
0.02999999933 0 0
0.04999999702 0 0
0.0700000003 0 0
0.08999999613 0 0
0.1099999994 0 0
0.1299999952 0 0
0.150000006 0 0
0.1699999869 0 0
0.1899999976 0 0
0.2099999934 0 0
0.2299999893 0 0
0.25 0 0
0.2699999809 0 0
0.2899999917 0 0
0.3100000024 0 0
0.3299999833 0 0
0.349999994 0 0
0.3700000048 0 0
0.3899999857 0 0
0.4099999666 0 0
0.4300000072 0 0
0.4499999881 0 0
0.469999969 0 0
0.4900000095 0 0
0.5099999905 0 0
0.5299999714 0 0
0.5499999523 0 0
0.5699999928 0 0
0.5899999738 0 0
0.6100000143 0 0
0.6299999952 0 0
0.6499999762 0 0
0.6699999571 0 0
0.6899999976 0 0
0.7099999785 0 0
0.7300000191 0 0
0.75 0 0
0.7699999809 0 0
0.7899999619 0 0
0.8099999428 0 0
0.8299999833 0 0
0.8499999642 0 0
0.8700000048 0 0
0.8899999857 0 0
0.9099999666 0 0
0.9299999475 0 0
0.9499999881 0 0
0.969999969 0 0
0.9900000095 0 0
1.00999999 0 0
1.029999971 0 0
1.049999952 0 0
1.069999933 0 0
1.089999914 0 0
1.110000014 0 0
1.129999995 0 0
1.149999976 0 0
1.169999957 0 0
1.189999938 0 0
1.210000038 0 0
1.230000019 0 0
1.25 0 0
1.269999981 0 0
1.289999962 0 0
1.309999943 0 0
1.329999924 0 0
1.349999905 0 0
1.370000005 0 0
1.389999986 0 0
1.409999967 0 0
1.429999948 0 0
1.449999928 0 0
1.470000029 0 0
1.49000001 0 0
1.50999999 0 0
1.529999971 0 0
1.549999952 0 0
1.569999933 0 0
1.589999914 0 0
1.609999895 0 0
1.629999995 0 0
1.649999976 0 0
1.669999957 0 0
1.689999938 0 0
1.709999919 0 0
1.730000019 0 0
1.75 0 0
1.769999981 0 0
1.789999962 0 0
1.809999943 0 0
1.829999924 0 0
1.849999905 0 0
1.870000005 0 0
1.889999986 0 0
1.909999967 0 0
1.929999948 0 0
1.949999928 0 0
1.969999909 0 0
1.99000001 0 0
2.00999999 0 0
2.029999971 0 0
2.049999952 0 0
2.069999933 0 0
2.089999914 0 0
2.109999895 0 0
2.129999876 0 0
2.149999857 0 0
2.170000076 0 0
2.190000057 0 0
2.210000038 0 0
2.230000019 0 0
2.25 0 0
2.269999981 0 0
2.289999962 0 0
2.309999943 0 0
2.329999924 0 0
2.349999905 0 0
2.369999886 0 0
2.389999866 6.796454545e-05 8
2.409999847 0.0001671028731 20
2.429999828 0.001150526688 140
2.450000048 0.003912918735 484
2.470000029 0.01492193621 1876
2.49000001 0.03952575848 5050
2.50999999 0.09646784514 12524
2.529999971 0.1989352405 26240
2.549999952 0.3729482293 49974
2.569999933 0.6223950386 84712
2.589999914 0.9556194544 132098
2.609999895 1.34668088 189042
2.629999876 1.768571615 252084
2.649999857 2.183506727 315980
2.669999838 2.560721397 376182
2.690000057 2.879095793 429318
2.710000038 3.095873117 468526
2.730000019 3.218519688 494302
2.75 3.264696836 508770
2.769999981 3.218759775 508932
2.789999962 3.092357874 496034
2.809999943 2.946773052 479480
2.829999924 2.755540133 454770
2.849999905 2.555364132 427716
2.869999886 2.331011534 395658
2.889999866 2.136288881 367678
2.909999847 1.936940432 337998
2.929999828 1.76085031 311508
2.949999809 1.597086191 286412
2.970000029 1.454935074 264464
2.99000001 1.331164718 245238
3.00999999 1.211228251 226136
3.029999971 1.121939063 212260
3.049999952 1.048027635 200902
3.069999933 0.9791574478 190170
3.089999914 0.9313242435 183244
3.109999895 0.8850108981 176392
3.129999876 0.8460291028 170800
3.149999857 0.8126353621 166160
3.169999838 0.7940496206 164430
3.189999819 0.779258728 163408
3.210000038 0.763810575 162186
3.230000019 0.7537057996 162038
3.25 0.748038888 162818
3.269999981 0.7401285768 163086
3.289999962 0.7435382009 165846
3.309999943 0.7425714135 167652
3.329999924 0.7438825965 169982
3.349999905 0.7465869784 172656
3.369999886 0.7517495751 175932
3.389999866 0.7538909316 178534
3.409999847 0.7616711855 182510
3.429999828 0.7693495154 186520
3.449999809 0.7768014073 190530
3.470000029 0.7815588713 193924
3.49000001 0.7902982831 198360
3.50999999 0.7983731627 202690
3.529999971 0.8014582992 205798
3.549999952 0.810228467 210414
3.569999933 0.8199573159 215348
3.589999914 0.8295206428 220306
3.609999895 0.8338450193 223930
3.629999876 0.8437092304 229096
3.649999857 0.8519511223 233890
3.669999838 0.8604159355 238810
3.689999819 0.8690778017 243850
3.710000038 0.8770139813 248754
3.730000019 0.8860912323 254044
3.75 0.8974084854 260054
3.769999981 0.9095573425 266394
3.789999962 0.9106325507 269546
3.809999943 0.9178580642 274560
3.829999924 0.9307875633 281358
3.849999905 0.9375180006 286360
3.869999886 0.9459180832 291936
3.889999866 0.9569375515 298396
3.909999847 0.9672476649 304722
3.929999828 0.9770200849 310956
3.949999809 0.9784803391 314600
3.96999979 0.9889059663 321182
3.99000001 1.001203537 328458
4.010000229 1.007594466 333876
4.029999733 1.019642472 341248
4.050000191 1.032396436 348952
4.069999695 1.036564589 353832
4.090000153 1.041654348 359074
4.109999657 1.056212902 367660
4.130000114 1.063653469 373862
4.149999619 1.069207668 379462
4.170000076 1.074204922 384920
4.18999958 1.081105947 391118
4.210000038 1.096229792 400384
4.229999542 1.096824884 404418
4.25 1.105306506 411406
4.269999504 1.115370035 419068
4.289999962 1.116040707 423262
4.309999466 1.126603007 431256
4.329999924 1.12730515 435542
4.349999905 1.135411739 442744
4.369999886 1.140184045 448692
4.390000343 1.137225628 451634
4.409999847 1.142999172 458072
4.430000305 1.150471807 465260
4.449999809 1.148510575 468668
4.470000267 1.146761298 472170
4.489999771 1.14688921 476460
4.510000229 1.149775386 481922
4.529999733 1.148327708 485594
4.550000191 1.151112914 491082
4.569999695 1.147013426 493640
4.590000153 1.145640731 497378
4.609999657 1.140802741 499600
4.630000114 1.143611312 505184
4.649999619 1.135661721 506020
4.670000076 1.129581809 507650
4.68999958 1.127971411 511274
4.710000038 1.125522852 514526
4.729999542 1.120714903 516686
4.75 1.118322492 519958
4.769999504 1.11297822 521836
4.789999962 1.103390098 521686
4.809999466 1.100221634 524544
4.829999924 1.094880581 526344
4.849999428 1.089285254 528004
4.869999886 1.081171393 528414
4.890000343 1.076876283 530632
4.909999847 1.068327188 530736
4.930000305 1.058688879 530242
4.949999809 1.055482507 532934
4.970000267 1.050174713 534544
4.989999771 1.043309331 535336
5.010000229 1.034443855 535048
5.029999733 1.030679345 537368
5.050000191 1.021845222 537006
5.069999695 1.013917565 537064
5.090000153 1.008296847 538314
5.109999657 0.9977203012 536866
5.130000114 0.9964999557 540408
5.149999619 0.9901385903 541156
5.170000076 0.981212914 540448
5.18999958 0.9773992896 542522
5.210000038 0.9664832354 540606
5.229999542 0.9623525143 542436
5.25 0.9551696777 542512
5.269999504 0.9481775165 542650
5.289999962 0.9421476126 543302
5.309999466 0.9374390841 544684
5.329999924 0.9298154116 544328
5.349999428 0.9281708598 547456
5.369999886 0.9193021655 546296
5.390000343 0.9142574668 547342
5.409999847 0.9127271175 550482
5.430000305 0.9077420831 551538
5.449999809 0.9007027745 551292
5.470000267 0.8968761563 552992
5.489999771 0.8904978037 553082
5.510000229 0.8891476393 556274
5.529999733 0.8846717477 557498
5.550000191 0.8831686378 560582
5.569999695 0.8779134154 561272
5.590000153 0.8796379566 566422
5.609999657 0.8762354851 568272
5.630000114 0.8754741549 571834
5.649999619 0.8787180185 578042
5.670000076 0.8764690757 580646
5.68999958 0.8755482435 584138
5.710000038 0.8790671229 590618
5.729999542 0.8796058297 595124
5.75 0.8819241524 600866
5.769999504 0.8834525943 606102
5.789999962 0.8861791492 612194
5.809999466 0.8872035742 617142
5.829999924 0.8948378563 626748
5.849999428 0.89998281 634686
5.869999886 0.9028627872 641070
5.889999866 0.9054248929 647302
5.909999847 0.9127964377 656992
5.930000305 0.911718905 660660
5.949999809 0.9177427888 669522
5.970000267 0.927808404 681426
5.989999771 0.9262295961 684834
6.010000229 0.9310387969 692986
6.029999733 0.938192904 702972
6.050000191 0.9447413683 712582
6.069999695 0.9477162361 719564
6.090000153 0.9562903643 730860
6.109999657 0.9590837359 737820
6.130000114 0.9645513296 746894
6.149999619 0.9717545509 757386
6.170000076 0.9747276902 764648
6.18999958 0.9804201722 774118
6.210000038 0.9815963507 780052
6.229999542 0.9862273932 788792
6.25 0.9894731045 796480
6.269999504 0.9935604334 804904
6.289999962 0.9999351501 815230
6.309999466 1.002842903 822814
6.329999924 1.006942153 831428
6.349999428 1.010371566 839544
6.369999886 1.013702989 847614
6.38999939 1.017768025 856368
6.409999847 1.019876122 863540
6.430000305 1.024895549 873204
6.449999809 1.028848052 882028
6.470000267 1.031577945 889850
6.489999771 1.034864902 898228
6.510000229 1.036438584 905134
6.529999733 1.036122441 910440
6.550000191 1.042533755 921690
6.569999695 1.042489409 927278
6.590000153 1.048119187 937976
6.609999657 1.046088338 941860
6.630000114 1.048550963 949792
6.649999619 1.050322175 957132
6.670000076 1.05101645 963548
6.68999958 1.048816085 967302
6.710000038 1.049808621 974016
6.729999542 1.055374861 985032
6.75 1.051325798 987082
6.769999504 1.054563522 996002
6.789999962 1.051744342 999226
6.809999466 1.054252028 1007498
6.829999924 1.053997397 1013198
6.849999428 1.053474784 1018636
6.869999886 1.055733323 1026784
6.88999939 1.055018425 1032060
6.909999847 1.05171597 1034848
6.930000305 1.053936362 1043020
6.949999809 1.054134965 1049238
6.970000267 1.049606323 1050770
6.989999771 1.049414039 1056594
7.010000229 1.046458721 1059662
7.029999733 1.047461033 1066748
7.050000191 1.047724366 1073078
7.069999695 1.044824839 1076208
7.090000153 1.042827725 1080228
7.109999657 1.04083395 1084250
7.130000114 1.039699912 1089182
7.149999619 1.037141323 1092600
7.170000076 1.032978415 1094310
7.18999958 1.032805324 1100232
7.210000038 1.032452703 1105992
7.229999542 1.030008793 1109506
7.25 1.027207017 1112614
7.269999504 1.023141742 1114334
7.289999962 1.020768881 1117880
7.309999466 1.021803737 1125150
7.329999924 1.018634677 1127810
7.349999428 1.015818477 1130846
7.369999886 1.012991786 1133836
7.38999939 1.011398911 1138212
7.409999847 1.011056781 1143984
7.429999828 1.006828308 1145394
7.449999809 1.006786108 1151498
7.470000267 1.005029798 1155662
7.489999771 1.002571464 1159014
7.510000229 0.9999437928 1162160
7.529999733 1.00001359 1168446
7.550000191 0.9971319437 1171266
7.569999695 0.9963440299 1176554
7.590000153 0.996160388 1182560
7.609999657 0.9920949936 1183952
7.630000114 0.993159771 1191458
7.649999619 0.99021101 1194158
7.670000076 0.9903001785 1200514
7.68999958 0.988779366 1204930
7.710000038 0.9894126654 1211986
7.729999542 0.9872680306 1215640
7.75 0.9859706163 1220336
7.769999504 0.985660553 1226254
7.789999962 0.984929502 1231652
7.809999466 0.9847636223 1237782
7.829999924 0.9843171835 1243576
7.849999428 0.9842016101 1249774
7.869999886 0.9839952588 1255896
7.88999939 0.9865287542 1265530
7.909999847 0.9849156737 1269892
7.929999828 0.9824466705 1273134
7.949999809 0.9827515483 1279936
7.970000267 0.9814130664 1284632
7.989999771 0.9842500687 1294824
8.010000229 0.984049201 1301006
8.029999733 0.9820019603 1304866
8.049999237 0.982667625 1312198
8.069999695 0.9836588502 1320120
8.090000153 0.9854034185 1328968
8.109999657 0.9847275615 1334662
8.129999161 0.9840240479 1340268
8.149999619 0.9868994951 1350846
8.170000076 0.9867357016 1357220
8.18999958 0.9871569276 1364504
8.210000038 0.9868450761 1370734
8.229999542 0.9879568219 1378926
8.25 0.9904739261 1389208
8.270000458 0.988129437 1392610
8.289999962 0.991807282 1404592
8.309999466 0.9904335141 1409394
8.329999924 0.99099195 1417044
8.350000381 0.9918992519 1425078
8.369999886 0.9922981858 1432578
8.38999939 0.9936465621 1441294
8.409999847 0.991304934 1444838
8.430000305 0.9949038029 1456924
8.449999809 0.9960221052 1465556
8.469999313 0.9972842336 1474312
8.489999771 0.9983949065 1482986
8.510000229 0.9971865416 1488110
8.529999733 0.9969756603 1494880
8.549999237 0.9993431568 1505364
8.569999695 0.9994155765 1512638
8.590000153 1.000963569 1521968
8.609999657 1.000514984 1528438
8.629999161 1.002091289 1537904
8.649999619 0.9983406663 1539326
8.670000076 1.001527548 1551336
8.68999958 1.000492334 1556926
8.710000038 1.001706004 1566038
8.729999542 1.002376318 1574188
8.75 1.00353086 1583322
8.770000458 1.001198649 1586778
8.789999962 1.00129056 1594270
8.809999466 1.002582073 1603514
8.829999924 1.002717972 1611088
8.850000381 1.001388431 1616194
8.869999886 1.002418518 1625232
8.88999939 1.004181147 1635352
8.909999847 1.004975319 1644124
8.930000305 1.00578773 1652748
8.949999809 1.003969193 1657252
8.969999313 1.004083753 1664766
8.989999771 1.004187584 1672474
9.010000229 1.002194285 1676486
9.029999733 1.003554702 1686314
9.049999237 1.004846573 1695878
9.069999695 1.003641963 1701440
9.090000153 1.002444506 1706828
9.109999657 1.000936627 1711856
9.129999161 1.000785589 1719024
9.149999619 1.001380563 1727666
9.170000076 1.002953291 1737864
9.18999958 0.9984326363 1737712
9.210000038 1.001482725 1750578
9.229999542 1.00052762 1756438
9.25 0.9987369776 1760978
9.270000458 0.9981920719 1767550
9.289999962 0.9987858534 1776348
9.309999466 1.000344515 1786690
9.329999924 0.9985964298 1791334
9.350000381 0.9975091815 1796974
9.369999886 0.9973220229 1804414
9.38999939 0.9982962608 1813794
9.409999847 0.9969040155 1819080
9.430000305 0.9966205955 1826230
9.449999809 0.9987814426 1838020
9.469999313 0.9973032475 1843014
9.489999771 0.9944833517 1845662
9.510000229 0.9965903163 1857302
9.529999733 0.9954987764 1863114
9.549999237 0.9957453012 1871382
9.569999695 0.9961035252 1879948
9.590000153 0.9966499209 1888772
9.609999657 0.9964497685 1896372
9.629999161 0.9943524003 1900176
9.649999619 0.9946268201 1908686
9.670000076 0.9971519709 1921370
9.68999958 0.9961569309 1927534
9.709999084 0.9951548576 1933418
9.729999542 0.9948713779 1940938
9.75 0.9950581193 1949312
9.770000458 0.9958783984 1958810
9.789999962 0.9962239265 1967634
9.809999466 0.9961838722 1975532
9.829999924 0.9953430295 1981960
9.850000381 0.9959777594 1991262
9.869999886 0.9963411689 2000134
9.88999939 0.9953365326 2006150
9.909999847 0.99647367 2016672
9.930000305 0.9954730272 2022660
9.949999809 0.9948561788 2029686
9.969999313 0.996447444 2041016
9.989999771 0.9963217378 2049050
