# lhs_label O
# rhs_label H
# radius 10.0
# dr 0.02
# sampled_frames 101
# columns: r g_r counts
0.009999999776 0 0
0.02999999933 0 0
0.04999999702 0 0
0.0700000003 0 0
0.08999999613 0 0
0.1099999994 0 0
0.1299999952 0 0
0.150000006 0 0
0.1699999869 0 0
0.1899999976 0 0
0.2099999934 0 0
0.2299999893 0 0
0.25 0 0
0.2699999809 0 0
0.2899999917 0 0
0.3100000024 0 0
0.3299999833 0 0
0.349999994 0 0
0.3700000048 0 0
0.3899999857 0 0
0.4099999666 0 0
0.4300000072 0 0
0.4499999881 0 0
0.469999969 0 0
0.4900000095 0 0
0.5099999905 0 0
0.5299999714 0 0
0.5499999523 0 0
0.5699999928 0 0
0.5899999738 0 0
0.6100000143 0 0
0.6299999952 0 0
0.6499999762 0 0
0.6699999571 0 0
0.6899999976 0 0
0.7099999785 0 0
0.7300000191 0 0
0.75 0 0
0.7699999809 0 0
0.7899999619 0 0
0.8099999428 0 0
0.8299999833 0 0
0.8499999642 0 0
0.8700000048 0 0
0.8899999857 0 0
0.9099999666 0 0
0.9299999475 0 0
0.9499999881 0 0
0.969999969 0 0
0.9900000095 60.29714966 2435698
1.00999999 58.9476738 2478356
1.029999971 0 0
1.049999952 0 0
1.069999933 0 0
1.089999914 0 0
1.110000014 0 0
1.129999995 0 0
1.149999976 0 0
1.169999957 0 0
1.189999938 0 0
1.210000038 0 0
1.230000019 0 0
1.25 0 0
1.269999981 0 0
1.289999962 0 0
1.309999943 0 0
1.329999924 0 0
1.349999905 0 0
1.370000005 0 0
1.389999986 1.255805273e-05 1
1.409999967 7.322610327e-05 6
1.429999948 0.0003559602774 30
1.449999928 0.001188650494 103
1.470000029 0.004233079962 377
1.49000001 0.01184704527 1084
1.50999999 0.03109420091 2922
1.529999971 0.06835731864 6595
1.549999952 0.1323715597 13107
1.569999933 0.2316300422 23531
1.589999914 0.3662124872 38157
1.609999895 0.5404487848 57737
1.629999995 0.740324378 81067
1.649999976 0.9459162951 106137
1.669999957 1.157534361 133049
1.689999938 1.334438324 157079
1.709999919 1.494563699 180116
1.730000019 1.601241469 197513
1.75 1.667272091 210440
1.769999981 1.687898397 217940
1.789999962 1.678027272 221590
1.809999943 1.63452661 220696
1.829999924 1.558104157 215052
1.849999905 1.467861414 207050
1.870000005 1.362393975 196350
1.889999986 1.259559989 185433
1.909999967 1.152623177 173300
1.929999948 1.04142189 159877
1.949999928 0.9502791166 148924
1.969999909 0.8512871861 136161
1.99000001 0.7662054896 125054
2.00999999 0.6839894652 113890
2.029999971 0.6125479341 104034
2.049999952 0.5521877408 95640
2.069999933 0.4923634529 86950
2.089999914 0.4468953311 80453
2.109999895 0.3998560011 73369
2.129999876 0.3639106452 68045
2.149999857 0.3305363059 62971
2.170000076 0.3014666438 58507
2.190000057 0.2775596082 54864
2.210000038 0.2529002726 50907
2.230000019 0.2329130471 47736
2.25 0.2190751135 45709
2.269999981 0.2053054422 43601
2.289999962 0.1907744706 41232
2.309999943 0.1815292835 39922
2.329999924 0.1731332541 38738
2.349999905 0.168745473 38407
2.369999886 0.1664360911 38529
2.389999866 0.1618278325 38097
2.409999847 0.1609618366 38530
2.429999828 0.1617229581 39358
2.450000048 0.16306521 40340
2.470000029 0.1663366258 41824
2.49000001 0.1728488803 44168
2.50999999 0.1796216667 46639
2.529999971 0.1887648404 49797
2.549999952 0.2016236931 54034
2.569999933 0.2127708942 57919
2.589999914 0.2289506495 63297
2.609999895 0.2457324713 68990
2.629999876 0.2666355968 76010
2.649999857 0.2869454324 83049
2.669999838 0.3143704534 92365
2.690000057 0.3375133574 100657
2.710000038 0.3680415452 111398
2.730000019 0.3994841874 122706
2.75 0.4325689673 134823
2.769999981 0.4696696997 148523
2.789999962 0.510687232 163835
2.809999943 0.5525998473 179831
2.829999924 0.5973123908 197159
2.849999905 0.6437490582 215501
2.869999886 0.690293014 234336
2.889999866 0.7460958362 256822
2.909999847 0.7994167805 278998
2.929999828 0.860298872 304387
2.949999809 0.9192451835 329704
2.970000029 0.9817362428 356901
2.99000001 1.045586586 385253
3.00999999 1.117066503 417112
3.029999971 1.17880249 446036
3.049999952 1.245919824 477674
3.069999933 1.306261539 507399
3.089999914 1.36629355 537654
3.109999895 1.416984797 564840
3.129999876 1.46561408 591769
3.149999857 1.506392956 616026
3.169999838 1.538596153 637218
3.189999819 1.565241575 656452
3.210000038 1.585559607 673349
3.230000019 1.59403944 685400
3.25 1.598287702 695766
3.269999981 1.593984008 702463
3.289999962 1.584604025 706891
3.309999943 1.575045466 711203
3.329999924 1.555553198 710908
3.349999905 1.537749171 711241
3.369999886 1.510525942 707017
3.389999866 1.489071131 705274
3.409999847 1.462303519 700788
3.429999828 1.434342742 695480
3.449999809 1.407894969 690643
3.470000029 1.381084204 685362
3.49000001 1.355690718 680540
3.50999999 1.325573444 673070
3.529999971 1.300162554 667710
3.549999952 1.272484303 660921
3.569999933 1.249023438 656070
3.589999914 1.224130869 650215
3.609999895 1.1961447 642452
3.629999876 1.175378203 638311
3.649999857 1.150880694 631913
3.669999838 1.130266428 627415
3.689999819 1.110698223 623290
3.710000038 1.092955112 620006
3.730000019 1.075959206 616959
3.75 1.059488177 614044
3.769999981 1.044585586 611883
3.789999962 1.033832431 612026
3.809999943 1.025058508 613254
3.829999924 1.017730355 615278
3.849999905 1.007651806 615564
3.869999886 0.9993514419 616854
3.889999866 0.9960573316 621189
3.909999847 0.9911096692 624479
3.929999828 0.9883673191 629135
3.949999809 0.9866789579 634472
3.96999979 0.9818181992 637760
3.99000001 0.9815167189 643999
4.010000229 0.9778020382 648008
4.029999733 0.9763496518 653518
4.050000191 0.9765092134 660124
4.069999695 0.9758996367 666248
4.090000153 0.9762626886 673065
4.109999657 0.9754255414 679077
4.130000114 0.9737343192 684513
4.149999619 0.973931551 691297
4.170000076 0.9730440378 697342
4.18999958 0.9719899893 703285
4.210000038 0.9717820287 709862
4.229999542 0.9735068083 717897
4.25 0.9736483097 724803
4.269999504 0.9706124663 729359
4.289999962 0.9684955478 734610
4.309999466 0.969633162 742338
4.329999924 0.9681348801 748091
4.349999905 0.9653669596 752873
4.369999886 0.9667672515 760896
4.390000343 0.963045001 764921
4.409999847 0.9647767544 773294
4.430000305 0.9619295001 778024
4.449999809 0.9621166587 785214
4.470000267 0.9610625505 791420
4.489999771 0.9606274366 798160
4.510000229 0.9577329159 802857
4.529999733 0.9581654668 810360
4.550000191 0.9575062394 816973
4.569999695 0.9579643607 824558
4.590000153 0.9581725597 831978
4.609999657 0.9589011669 839877
4.630000114 0.958771348 847064
4.649999619 0.9583708644 854048
4.670000076 0.9605827928 863399
4.68999958 0.9622297883 872297
4.710000038 0.9629876018 880448
4.729999542 0.9648897648 889691
4.75 0.9655989408 897900
4.769999504 0.9659281969 905779
4.789999962 0.968362391 915689
4.809999466 0.9698841572 924808
4.829999924 0.9736965895 936174
4.849999428 0.9770010114 947154
4.869999886 0.9766480327 954658
4.890000343 0.9788622856 964671
4.909999847 0.9833136797 977004
4.930000305 0.9852144122 986885
4.949999809 0.9884966612 998223
4.970000267 0.9930869341 1010972
4.989999771 0.9941213131 1020194
5.010000229 0.9963729382 1030713
5.029999733 0.9994915724 1042215
5.050000191 1.001162171 1052273
5.069999695 1.005925179 1065661
5.090000153 1.006937861 1075177
5.109999657 1.009093761 1085972
5.130000114 1.012161732 1097803
5.149999619 1.014791608 1109260
5.170000076 1.016417384 1119677
5.18999958 1.016979218 1128983
5.210000038 1.020562649 1141711
5.229999542 1.020732999 1150685
5.25 1.022939444 1162007
5.269999504 1.025461078 1173760
5.289999962 1.024477243 1181557
5.309999466 1.024590611 1190644
5.329999924 1.026366591 1201701
5.349999428 1.026481748 1210884
5.369999886 1.026570797 1220081
5.390000343 1.027547002 1230331
5.409999847 1.02758193 1239506
5.430000305 1.026095867 1246898
5.449999809 1.024689674 1254361
5.470000267 1.024960279 1263931
5.489999771 1.025268316 1273574
5.510000229 1.024516821 1281929
5.529999733 1.022357345 1288528
5.550000191 1.02002871 1294905
5.569999695 1.019402504 1303459
5.590000153 1.015700936 1308073
5.609999657 1.017177939 1319357
5.630000114 1.014101028 1324762
5.649999619 1.01091969 1330015
5.670000076 1.009113908 1337042
5.68999958 1.006461382 1342958
5.710000038 1.005032778 1350501
5.729999542 1.00231564 1356294
5.75 0.9995397925 1361998
5.769999504 0.9962560534 1366984
5.789999962 0.9941689372 1373592
5.809999466 0.9912175536 1378989
5.829999924 0.9894703627 1386058
5.849999428 0.9866423011 1391600
5.869999886 0.9835489392 1396721
5.889999866 0.9806589484 1402176
5.909999847 0.9779183269 1407728
5.930000305 0.9762012959 1414772
5.949999809 0.9729762077 1419633
5.970000267 0.9720839858 1427888
5.989999771 0.9707283974 1435471
6.010000229 0.9683401585 1441500
6.029999733 0.9666301012 1448559
6.050000191 0.963534534 1453514
6.069999695 0.9618576169 1460602
6.090000153 0.9608470201 1468685
6.109999657 0.9618213177 1479852
6.130000114 0.9592416286 1485565
6.149999619 0.9575365186 1492609
6.170000076 0.9564020038 1500544
6.18999958 0.957395792 1511877
6.210000038 0.9571839571 1521304
6.229999542 0.9580411911 1532497
6.25 0.956092298 1539220
6.269999504 0.9592834115 1554271
6.289999962 0.9577412009 1561660
6.309999466 0.9593994021 1574339
6.329999924 0.9602046013 1585674
6.349999428 0.9595211148 1594582
6.369999886 0.9616726637 1608217
6.38999939 0.9620466232 1618966
6.409999847 0.9650616646 1634256
6.430000305 0.96627599 1646521
6.449999809 0.967477262 1658830
6.470000267 0.9679785371 1669977
6.489999771 0.9691774845 1682427
6.510000229 0.9707357883 1695510
6.529999733 0.972625196 1709290
6.550000191 0.9755934477 1725018
6.569999695 0.9761533141 1736546
6.590000153 0.9767457843 1748206
6.609999657 0.9812123179 1766896
6.630000114 0.9828542471 1780566
6.649999619 0.9836293459 1792713
6.670000076 0.9863584042 1808542
6.68999958 0.9868360162 1820278
6.710000038 0.9895797372 1836271
6.729999542 0.9919643998 1851696
6.75 0.9936472774 1865856
6.769999504 0.9949167371 1879335
6.789999962 0.9960566163 1892638
6.809999466 0.9992790818 1909926
6.829999924 0.9992523193 1921144
6.849999428 1.000973582 1935742
6.869999886 1.002312422 1949656
6.88999939 1.006428003 1969054
6.909999847 1.00778687 1983247
6.930000305 1.008767962 1996639
6.949999809 1.008465171 2007561
6.970000267 1.011129379 2024501
6.989999771 1.011472583 2036786
7.010000229 1.013959885 2053506
7.029999733 1.014489532 2066339
7.050000191 1.016207099 2081596
7.069999695 1.01860249 2098396
7.090000153 1.018470764 2109995
7.109999657 1.019646168 2124357
7.130000114 1.021164536 2139529
7.149999619 1.0222435 2153811
7.170000076 1.022992373 2167462
7.18999958 1.024024606 2181756
7.210000038 1.0245049 2194956
7.229999542 1.024455428 2207048
7.25 1.02533567 2221174
7.269999504 1.026797414 2236631
7.289999962 1.027871728 2251317
7.309999466 1.027400732 2262626
7.329999924 1.026669502 2273412
7.349999428 1.028353095 2289600
7.369999886 1.028140187 2301583
7.38999939 1.028139353 2314103
7.409999847 1.027753711 2325752
7.429999828 1.028833747 2340856
7.449999809 1.028134942 2351831
7.470000267 1.027415633 2362806
7.489999771 1.02821064 2377308
7.510000229 1.026809573 2386768
7.529999733 1.027092218 2400171
7.550000191 1.026560307 2411667
7.569999695 1.026091576 2423364
7.590000153 1.024734616 2432962
7.609999657 1.02454257 2445349
7.630000114 1.024634361 2458434
7.649999619 1.025431037 2473264
7.670000076 1.022884846 2480031
7.68999958 1.022556186 2492181
7.710000038 1.021373391 2502273
7.729999542 1.020227075 2512446
7.75 1.02035737 2525793
7.769999504 1.01769793 2532223
7.789999962 1.015804052 2540521
7.809999466 1.015862346 2553742
7.829999924 1.015075803 2564872
7.849999428 1.015215874 2578314
7.869999886 1.013313413 2586631
7.88999939 1.011034966 2593934
7.909999847 1.010237098 2605080
7.929999828 1.00871408 2614347
7.949999809 1.007956147 2625525
7.970000267 1.007979512 2638813
7.989999771 1.005631804 2645905
8.010000229 1.005524278 2658796
8.029999733 1.002671719 2664663
8.049999237 1.003009915 2678724
8.069999695 1.002098203 2689733
8.090000153 1.000323534 2698180
8.109999657 0.999386251 2709060
8.129999161 0.9977373481 2717892
8.149999619 0.9977702498 2731451
8.170000076 0.996833086 2742217
8.18999958 0.9959381819 2753284
8.210000038 0.9944525957 2762602
8.229999542 0.9937819839 2774113
8.25 0.9933543205 2786496
8.270000458 0.9926832914 2798056
8.289999962 0.9910700321 2807096
8.309999466 0.9901130199 2817876
8.329999924 0.9895265698 2829897
8.350000381 0.9892734289 2842611
8.369999886 0.9882422686 2853445
8.38999939 0.9887972474 2868520
8.409999847 0.9867690802 2876454
8.430000305 0.9873771071 2891804
8.449999809 0.9877670407 2906819
8.469999313 0.9862985015 2916143
8.489999771 0.9878743291 2934718
8.510000229 0.9880737662 2949022
8.529999733 0.9862851501 2957701
8.549999237 0.9872888923 2974412
8.569999695 0.9852057099 2982262
8.590000153 0.98622334 2999111
8.609999657 0.9857472777 3011756
8.629999161 0.9856952429 3025482
8.649999619 0.986389339 3041797
8.670000076 0.9869385362 3057476
8.68999958 0.9869955778 3071846
8.710000038 0.9867527485 3085321
8.729999542 0.987303257 3101033
8.75 0.9873540401 3115598
8.770000458 0.9871618748 3129063
8.789999962 0.9882135391 3146897
8.809999466 0.9884350896 3161775
8.829999924 0.9888891578 3177738
8.850000381 0.9892505407 3193208
8.869999886 0.9891659021 3207491
8.88999939 0.9894543886 3222738
8.909999847 0.9897533059 3238442
8.930000305 0.9911001921 3257226
8.949999809 0.991319716 3272743
8.969999313 0.9911757708 3286729
8.989999771 0.9925610423 3306220
9.010000229 0.9928169847 3321599
9.029999733 0.9918509126 3333295
9.049999237 0.9941837192 3355765
9.069999695 0.9947710037 3372803
9.090000153 0.9941372871 3385367
9.109999657 0.995089829 3403713
9.129999161 0.9950577617 3418371
9.149999619 0.9958279133 3436172
9.170000076 0.9969910979 3455066
9.18999958 0.9966434836 3469196
9.210000038 0.998067975 3489218
9.229999542 0.9969591498 3500347
9.25 0.9983113408 3520455
9.270000458 0.9984357357 3535963
9.289999962 0.999122858 3553895
9.309999466 0.9997573495 3571283
9.329999924 0.9996910095 3586595
9.350000381 1.000811458 3605846
9.369999886 1.000373244 3619869
9.38999939 1.001615644 3639650
9.409999847 1.000644803 3651812
9.430000305 1.002419472 3673712
9.449999809 1.001896977 3687507
9.469999313 1.001916051 3703077
9.489999771 1.002165318 3719838
9.510000229 1.002718687 3737446
9.529999733 1.002553105 3752633
9.549999237 1.00338912 3771495
9.569999695 1.00249207 3784010
9.590000153 1.002841473 3801012
9.609999657 1.003064871 3817923
9.629999161 1.004022837 3837312
9.649999619 1.00349009 3851389
9.670000076 1.00463891 3871593
9.68999958 1.003287792 3882664
9.709999084 1.003589034 3899608
9.729999542 1.003032565 3913720
9.75 1.004035473 3933797
9.770000458 1.00411129 3950007
9.789999962 1.003752828 3965009
9.809999466 1.00349617 3980066
9.829999924 1.003592968 3996775
9.850000381 1.003826022 4013906
9.869999886 1.002943277 4026775
9.88999939 1.003588676 4045565
9.909999847 1.003871918 4063289
9.930000305 1.002658129 4074518
9.949999809 1.003379941 4094152
9.969999313 1.002781391 4107980
9.989999771 1.002673268 4124225
