# lhs_label H
# rhs_label H
# radius 10.0
# dr 0.02
# sampled_frames 101
# columns: r g_r counts
0.009999999776 0 0
0.02999999933 0 0
0.04999999702 0 0
0.0700000003 0 0
0.08999999613 0 0
0.1099999994 0 0
0.1299999952 0 0
0.150000006 0 0
0.1699999869 0 0
0.1899999976 0 0
0.2099999934 0 0
0.2299999893 0 0
0.25 0 0
0.2699999809 0 0
0.2899999917 0 0
0.3100000024 0 0
0.3299999833 0 0
0.349999994 0 0
0.3700000048 0 0
0.3899999857 0 0
0.4099999666 0 0
0.4300000072 0 0
0.4499999881 0 0
0.469999969 0 0
0.4900000095 0 0
0.5099999905 0 0
0.5299999714 0 0
0.5499999523 0 0
0.5699999928 0 0
0.5899999738 0 0
0.6100000143 0 0
0.6299999952 0 0
0.6499999762 0 0
0.6699999571 0 0
0.6899999976 0 0
0.7099999785 0 0
0.7300000191 0 0
0.75 0 0
0.7699999809 0 0
0.7899999619 0 0
0.8099999428 0 0
0.8299999833 0 0
0.8499999642 0 0
0.8700000048 0 0
0.8899999857 0 0
0.9099999666 0 0
0.9299999475 0 0
0.9499999881 0 0
0.969999969 0 0
0.9900000095 0 0
1.00999999 0 0
1.029999971 0 0
1.049999952 0 0
1.069999933 0 0
1.089999914 0 0
1.110000014 0 0
1.129999995 0 0
1.149999976 0 0
1.169999957 0 0
1.189999938 0 0
1.210000038 0 0
1.230000019 0 0
1.25 0 0
1.269999981 0 0
1.289999962 0 0
1.309999943 0 0
1.329999924 0 0
1.349999905 1.331316525e-05 2
1.370000005 5.170957593e-05 8
1.389999986 0.0001255805255 20
1.409999967 0.0001220434933 20
1.429999948 0.0002373068419 40
1.449999928 0.0004154506605 72
1.470000029 0.0005501881242 98
1.49000001 0.001114758779 204
1.50999999 0.001383383293 260
1.529999971 0.002363224979 456
1.549999952 0.003514557378 696
1.569999933 0.005404143129 1098
1.589999914 0.008234669454 1716
1.609999895 0.01120455097 2394
1.629999995 22.45344353 4917394
1.649999976 0.02187058888 4908
1.669999957 0.03086781502 7096
1.689999938 0.03918896988 9226
1.709999919 0.04987797514 12022
1.730000019 0.06604787707 16294
1.75 0.0834903717 21076
1.769999981 0.1035167947 26732
1.789999962 0.1288792193 34038
1.809999943 0.1577009857 42586
1.829999924 0.1874996573 51758
1.849999905 0.225457266 63604
1.870000005 0.2633198798 75900
1.889999986 0.3064044416 90218
1.909999967 0.3526242375 106036
1.929999948 0.4010539651 123138
1.949999928 0.4563029408 143020
1.969999909 0.509924531 163122
1.99000001 0.5677827001 185338
2.00999999 0.6253918409 208266
2.029999971 0.6871189475 233398
2.049999952 0.746856451 258714
2.069999933 0.8112756014 286538
2.089999914 0.8694164753 313036
2.109999895 0.9284448028 340718
2.129999876 0.9893481731 369982
2.149999857 1.045579314 398390
2.170000076 1.094507337 424832
2.190000057 1.145793319 452968
2.210000038 1.192223549 479972
2.230000019 1.235484242 506430
2.25 1.269623518 529802
2.269999981 1.304427147 554046
2.289999962 1.337619066 578198
2.309999943 1.355285525 596110
2.329999924 1.372770905 614306
2.349999905 1.389176726 632362
2.369999886 1.389952302 643532
2.389999866 1.394003749 656344
2.409999847 1.387229443 664132
2.429999828 1.378766418 671092
2.450000048 1.358987331 672388
2.470000029 1.339009166 673366
2.49000001 1.311394334 670200
2.50999999 1.278372169 663862
2.529999971 1.248489261 658714
2.549999952 1.216906548 652248
2.569999933 1.174723625 639550
2.589999914 1.13399601 627022
2.609999895 1.087623477 610706
2.629999876 1.046115875 596434
2.649999857 1.002583265 580344
2.669999838 0.9650269747 567068
2.690000057 0.9233174324 550724
2.710000038 0.8896886706 538578
2.730000019 0.8532395363 524164
2.75 0.8171239495 509362
2.769999981 0.7903079987 499836
2.789999962 0.7625786662 489290
2.809999943 0.7405159473 481968
2.829999924 0.7199474573 475276
2.849999905 0.7075710297 473732
2.869999886 0.6959016919 472480
2.889999866 0.6868286729 472842
2.909999847 0.675858736 471752
2.929999828 0.6717203259 475330
2.949999809 0.6707954407 481186
2.970000029 0.6683242321 485926
2.99000001 0.6692706943 493194
3.00999999 0.6693528891 499872
3.029999971 0.6768052578 512180
3.049999952 0.6840568781 524522
3.069999933 0.6927318573 538164
3.089999914 0.6987803578 549958
3.109999895 0.7089690566 565220
3.129999876 0.7184015512 580136
3.149999857 0.7311761975 598016
3.169999838 0.7391233444 612224
3.189999819 0.7548258305 633138
3.210000038 0.7675994039 651962
3.230000019 0.7801700234 670910
3.25 0.795530498 692620
3.269999981 0.8083342314 712460
3.289999962 0.8246972561 735794
3.309999943 0.8411796093 759660
3.329999924 0.8559647799 782374
3.349999905 0.8696776628 804488
3.369999886 0.8856703639 829094
3.389999866 0.9031794071 855552
3.409999847 0.9191719294 881000
3.429999828 0.93681252 908478
3.449999809 0.9509202242 932948
3.470000029 0.9690715075 961802
3.49000001 0.9834823608 987392
3.50999999 0.9999457002 1015460
3.529999971 1.014078498 1041578
3.549999952 1.029389501 1069318
3.569999933 1.044654727 1097444
3.589999914 1.061394095 1127550
3.609999895 1.072525859 1152112
3.629999876 1.084805846 1178248
3.649999857 1.098971009 1206822
3.669999838 1.113714576 1236454
3.689999819 1.123574853 1261032
3.710000038 1.133929968 1286500
3.730000019 1.144649029 1312692
3.75 1.153672338 1337260
3.769999981 1.157958508 1356586
3.789999962 1.166782379 1381464
3.809999943 1.173162341 1403718
3.829999924 1.175251722 1421018
3.849999905 1.179715633 1441352
3.869999886 1.17854023 1454918
3.889999866 1.18199718 1474300
3.909999847 1.178996682 1485726
3.929999828 1.181697011 1504394
3.949999809 1.175176263 1511366
3.96999979 1.173760414 1524880
3.99000001 1.165857792 1529900
4.010000229 1.159941077 1537430
4.029999733 1.153332233 1543962
4.050000191 1.145215392 1548340
4.069999695 1.135342717 1550200
4.090000153 1.126807213 1553710
4.109999657 1.120092392 1559584
4.130000114 1.11108315 1562132
4.149999619 1.102636814 1565304
4.170000076 1.092973948 1566582
4.18999958 1.086142182 1571760
4.210000038 1.076813698 1573170
4.229999542 1.070590734 1578980
4.25 1.065867782 1586906
4.269999504 1.060836315 1594314
4.289999962 1.057702303 1604548
4.309999466 1.051552057 1610108
4.329999924 1.046770692 1617708
4.349999905 1.044989228 1629938
4.369999886 1.043370843 1642374
4.390000343 1.040328145 1652610
4.409999847 1.039479136 1666340
4.430000305 1.035730004 1675430
4.449999809 1.034520388 1688610
4.470000267 1.03501904 1704644
4.489999771 1.036653519 1722656
4.510000229 1.03283596 1731630
4.529999733 1.034898281 1750512
4.550000191 1.032772064 1762384
4.569999695 1.031914711 1776420
4.590000153 1.030382872 1789356
4.609999657 1.028477311 1801634
4.630000114 1.027522564 1815610
4.649999619 1.027642369 1831558
4.670000076 1.027611136 1847292
4.68999958 1.025750518 1859762
4.710000038 1.024304152 1873018
4.729999542 1.021438837 1883666
4.75 1.019568801 1896172
4.769999504 1.019941688 1912858
4.789999962 1.016175151 1921802
4.809999466 1.012625575 1931126
4.829999924 1.013495326 1948878
4.849999428 1.006283641 1951084
4.869999886 1.004357934 1963488
4.890000343 1.003845453 1978584
4.909999847 1.001086712 1989326
4.930000305 0.9983531237 2000092
4.949999809 0.9944659472 2008502
4.970000267 0.9903001189 2016270
4.989999771 0.9886644483 2029188
5.010000229 0.9858129621 2039578
5.029999733 0.9843392372 2052830
5.050000191 0.9800556898 2060178
5.069999695 0.9784120321 2073028
5.090000153 0.9749515653 2082046
5.109999657 0.973608315 2095566
5.130000114 0.9699217677 2103978
5.149999619 0.9686380625 2117620
5.170000076 0.9665005803 2129378
5.18999958 0.9637829065 2139856
5.210000038 0.9633430243 2155398
5.229999542 0.9594970345 2163306
5.25 0.958974421 2178692
5.269999504 0.9578253031 2192686
5.289999962 0.95801121 2209800
5.309999466 0.9573535919 2225020
5.329999924 0.9561018944 2238866
5.349999428 0.9563632011 2256338
5.369999886 0.9566786289 2274028
5.390000343 0.9548805952 2286648
5.409999847 0.9558612704 2305988
5.430000305 0.9573846459 2326802
5.449999809 0.9564783573 2341722
5.470000267 0.9573228955 2361048
5.489999771 0.9583153725 2380812
5.510000229 0.9604802132 2403606
5.529999733 0.9603253603 2420692
5.550000191 0.9625034928 2443756
5.569999695 0.9617916942 2459590
5.590000153 0.9650856853 2485776
5.609999657 0.9645957351 2502308
5.630000114 0.9686496258 2530774
5.649999619 0.9704400301 2553516
5.670000076 0.9706759453 2572226
5.68999958 0.9736142755 2598258
5.710000038 0.9736242294 2616592
5.729999542 0.9774500728 2645294
5.75 0.9789918661 2667998
5.769999504 0.9799673557 2689268
5.789999962 0.9818018675 2713010
5.809999466 0.9850667715 2740864
5.829999924 0.9863164425 2763280
5.849999428 0.9866946936 2783348
5.869999886 0.9901470542 2812182
5.889999866 0.9914218783 2835130
5.909999847 0.9922654629 2856762
5.930000305 0.9939448237 2880974
5.949999809 0.9956297874 2905372
5.970000267 0.9979346395 2931720
5.989999771 0.9980885983 2951860
6.010000229 0.9981898069 2971870
6.029999733 0.9994675517 2995536
6.050000191 1.001552582 3021730
6.069999695 1.002786875 3045508
6.090000153 1.001718998 3062318
6.109999657 1.003070593 3086636
6.130000114 1.003802657 3109152
6.149999619 1.004300594 3131010
6.170000076 1.00402379 3150520
6.18999958 1.005207419 3174758
6.210000038 1.003972173 3191334
6.229999542 1.004297972 3212980
6.25 1.004181981 3233280
6.269999504 1.003503323 3251836
6.289999962 1.003256083 3271750
6.309999466 1.003695965 3294056
6.329999924 1.003608584 3314702
6.349999428 1.002833009 3333120
6.369999886 1.003234863 3355444
6.38999939 1.001736641 3371516
6.409999847 1.001958609 3393476
6.430000305 1.001052022 3411558
6.449999809 1.000928998 3432372
6.470000267 0.9994556904 3448564
6.489999771 1.000464916 3473480
6.510000229 0.9992966056 3490790
6.529999733 0.999466002 3512920
6.550000191 0.9985640645 3531268
6.569999695 0.9976730347 3549658
6.590000153 0.9978422523 3571930
6.609999657 0.9978933334 3593868
6.630000114 0.9961929917 3609462
6.649999619 0.9971972108 3634882
6.670000076 0.9967556596 3655212
6.68999958 0.9969480038 3677860
6.710000038 0.9961678982 3696992
6.729999542 0.9963641167 3719818
6.75 0.9968175292 3743618
6.769999504 0.996101439 3763146
6.789999962 0.9952677488 3782278
6.809999466 0.9964584708 3809070
6.829999924 0.9955359101 3827998
6.849999428 0.9961552024 3852848
6.869999886 0.9957623482 3873830
6.88999939 0.9969482422 3901014
6.909999847 0.9980745912 3928268
6.930000305 0.9970678091 3946962
6.949999809 0.9973400831 3970828
6.970000267 0.9981527925 3997038
6.989999771 0.9972677827 4016364
7.010000229 0.9986953735 4045184
7.029999733 0.999119103 4070064
7.050000191 1.001011252 4100938
7.069999695 0.9999633431 4119996
7.090000153 0.9999176264 4143116
7.109999657 1.000699043 4169764
7.130000114 1.000267029 4191490
7.149999619 1.001521587 4220302
7.170000076 1.000897288 4241296
7.18999958 1.000988483 4265352
7.210000038 1.001335621 4290634
7.229999542 1.002388477 4319016
7.25 1.002091289 4341640
7.269999504 1.003185511 4370396
7.289999962 1.00259769 4391920
7.309999466 1.002436161 4415294
7.329999924 1.003566146 4444506
7.349999428 1.005175233 4475990
7.369999886 1.003686905 4493684
7.38999939 1.004254699 4520688
7.409999847 1.005304694 4549902
7.429999828 1.003718734 4567426
7.449999809 1.004819751 4596996
7.470000267 1.006229401 4628166
7.489999771 1.00568378 4650448
7.510000229 1.004549265 4670050
7.529999733 1.006110668 4702280
7.550000191 1.007119298 4731990
7.569999695 1.006775737 4755490
7.590000153 1.007791996 4785472
7.609999657 1.007351518 4808636
7.630000114 1.007863402 4836390
7.649999619 1.006942868 4857344
7.670000076 1.007309914 4884538
7.68999958 1.008305788 4914900
7.710000038 1.008033276 4939182
7.729999542 1.007618189 4962790
7.75 1.007592201 4988388
7.769999504 1.008436203 5018356
7.789999962 1.008350968 5043762
7.809999466 1.008315802 5069542
7.829999924 1.00833714 5095690
7.849999428 1.010390043 5132116
7.869999886 1.007835984 5145298
7.88999939 1.008027196 5172434
7.909999847 1.009534478 5206536
7.929999828 1.009223819 5231336
7.949999809 1.009443045 5258796
7.970000267 1.00780344 5276704
7.989999771 1.008234859 5305508
8.010000229 1.007915497 5330238
8.029999733 1.007549882 5355254
8.049999237 1.007532716 5381606
8.069999695 1.00805223 5411428
8.090000153 1.007925153 5437368
8.109999657 1.008284688 5466362
8.129999161 1.007332206 5488058
8.149999619 1.007853627 5518110
8.170000076 1.006695509 5538696
8.18999958 1.00783217 5572330
8.210000038 1.00665915 5593024
8.229999542 1.007129073 5622742
8.25 1.005921364 5643496
8.270000458 1.005705357 5669522
8.289999962 1.005492568 5695892
8.309999466 1.005030036 5720660
8.329999924 1.004361868 5744648
8.350000381 1.005938172 5780992
8.369999886 1.00346458 5794796
8.38999939 1.004286289 5826908
8.409999847 1.004266024 5854916
8.430000305 1.003133535 5875902
8.449999809 1.003149271 5904172
8.469999313 1.002089262 5925662
8.489999771 1.00206542 5953752
8.510000229 1.002156973 5982110
8.529999733 1.000481367 6000546
8.549999237 1.000600219 6029030
8.569999695 0.9991301894 6048824
8.590000153 0.9995201826 6079094
8.609999657 0.9985470772 6101726
8.629999161 0.9992225766 6134006
8.649999619 0.9986560941 6159250
8.670000076 0.9990620613 6190068
8.68999958 0.997091949 6206538
8.710000038 0.9960637689 6228868
8.729999542 0.9967482686 6261398
8.75 0.9958271384 6284670
8.770000458 0.9964086413 6316746
8.789999962 0.9958245754 6342268
8.809999466 0.9959029555 6371326
8.829999924 0.9951099157 6395456
8.850000381 0.9937407374 6415404
8.869999886 0.9950022697 6452832
8.88999939 0.9951637983 6482668
8.909999847 0.9930751324 6498622
8.930000305 0.99336797 6529358
8.949999809 0.9935490489 6560206
8.969999313 0.9935846925 6589434
8.989999771 0.9934070706 6618076
9.010000229 0.9938303232 6649978
9.029999733 0.9936451912 6678650
9.049999237 0.9927246571 6701680
9.069999695 0.9921770692 6728016
9.090000153 0.9941020608 6770494
9.109999657 0.9935573339 6796942
9.129999161 0.9923989177 6818474
9.149999619 0.9931927323 6854158
9.170000076 0.9924904108 6878938
9.18999958 0.9930823445 6913600
9.210000038 0.993255794 6944790
9.229999542 0.9919921756 6965816
9.25 0.9933176637 7005690
9.270000458 0.9938496351 7039442
9.289999962 0.9935202003 7067932
9.309999466 0.9924114347 7090084
9.329999924 0.9940871596 7132980
9.350000381 0.9929881692 7155318
9.369999886 0.9941756725 7194886
9.38999939 0.9937908053 7222432
9.409999847 0.9938674569 7254156
9.430000305 0.994456768 7289060
9.449999809 0.9942573309 7318778
9.469999313 0.994828105 7353760
9.489999771 0.9956024885 7390956
9.510000229 0.9949451685 7416944
9.529999733 0.9954984784 7452454
9.549999237 0.9962478876 7489306
9.569999695 0.9961819053 7520384
9.590000153 0.9968221188 7556394
9.609999657 0.9971607327 7590900
9.629999161 0.9968006015 7619418
9.649999619 0.9971289635 7653950
9.670000076 0.9983347058 7694596
9.68999958 0.9975607991 7721002
9.709999084 0.9976499677 7753062
9.729999542 0.9988381863 7794708
9.75 0.9986688495 7825542
9.770000458 0.999065876 7860318
9.789999962 0.999099195 7893252
9.809999466 0.9990037084 7924496
9.829999924 1.000058174 7965396
9.850000381 1.000060439 7997698
9.869999886 0.9999527335 8029536
9.88999939 0.9993723631 8057138
9.909999847 1.000456572 8098930
9.930000305 1.00092423 8134944
9.949999809 0.9997486472 8158670
9.969999313 1.001217723 8203148
9.989999771 1.001483679 8238664
